Luanda	2405600	-8.820	13.240
Huambo	173600	-12.760	15.730
Lobito	137400	-12.360	13.530
Benguela	134500	-12.580	13.400
Namibe	132900	-15.170	12.160
Kuito	88700	-12.380	16.940
Lubango	75800	-14.910	13.490
Malanje	71600	-9.540	16.340
M'banza-kongo	67600	-6.270	14.240
Uige	49000	-7.620	15.050
Cabinda	44800	-5.550	12.190
Saurimo	41200	-9.650	20.380
Lucapa	35900	-8.420	20.740
Chissamba	31900	-12.170	17.330
Waku-kungo	29800	-11.340	15.110
Sumbe	25500	-11.210	13.850
Caxito	24600	-8.580	13.660
Soyo	23600	-6.130	12.370
Menongue	23200	-14.650	17.650
Caala	22900	-12.850	15.580
Caluquembe	22300	-13.780	14.680
N'dalatando	22300	-9.300	14.910
Longonjo	19700	-12.900	15.250
Catabola	18200	-12.150	17.280
Catumbela	16500	-12.430	13.550
Luena	16100	-11.790	19.900
Luau	13700	-10.700	22.220
Camacupa	13300	-12.020	17.470
Catchiungo	12700	-12.560	16.220
Leua	12500	-11.650	20.440
N'zeto	11900	-7.230	12.860
Camabatela	11600	-8.190	15.370
Cazaje	11300	-11.070	20.710
Lumeje	11200	-11.550	20.780
Ondjiva	10000	-17.070	15.730
Caconda	8100	-13.730	15.060
