Tirane	352900	41.330	19.820
Durres	113800	41.330	19.450
Elbasan	96800	41.120	20.090
Shkoder	85800	42.070	19.510
Vlore	84800	40.480	19.490
Korce	58800	40.630	20.790
Fier	55100	40.730	19.570
Berat	45500	40.710	19.960
Lushnje	38200	40.950	19.710
Kavaje	28200	41.200	19.560
Pogradec	23700	40.870	20.700
Lac	23400	41.640	19.710
Gjirokaster	22800	40.080	20.150
Patos	21000	40.640	19.650
Kruje	19400	41.520	19.800
Kucove	18000	40.810	19.930
Kukes	16600	42.090	20.430
Lezhe	16600	41.790	19.650
Sarande	14500	39.880	20.000
Peshkopi	14100	41.690	20.440
Burrel	13900	41.630	20.020
Cerrik	13200	41.020	19.960
Corovode	13200	40.500	20.210
Shijak	12800	41.340	19.560
Librazhd	11500	41.190	20.320
Tepelene	11300	40.300	20.010
Gramsh	10400	40.870	20.180
Polican	10200	40.600	20.100
Bulqize	10000	41.490	20.230
Permet	9800	40.240	20.350
Fushe-kruje	9600	41.480	19.710
Kamze	9300	41.390	19.760
Rreshen	9200	41.770	19.880
Ballsh	9100	40.600	19.730
Mamurras	7600	41.570	19.680
Bajram curri	7500	42.360	20.080
Erseke	7500	40.340	20.680
Peqin	7200	41.060	19.760
Selenice	6900	40.550	19.650
Bilisht	6700	40.620	20.980
Roskovec	6400	40.740	19.710
Puke	6000	42.070	19.900
Memaliaj	5300	40.350	19.970
Rrogozhine	5200	41.090	19.660
Ure vajgurore	4700	40.780	19.880
Himare	4500	40.130	19.740
Delvine	4200	39.960	20.090
Vore	4200	41.390	19.660
Koplik	4100	42.200	19.430
Maliq	3800	40.720	20.680
Perrenjas	3800	41.070	20.530
Krume	3200	42.200	19.900
Libohove	2600	40.040	20.260
Orikum	2600	40.320	19.470
Fushe-arrez	2500	42.050	20.010
Shengjin	2500	41.820	19.580
Rubik	2400	41.770	19.780
Milot	2000	41.690	19.730
Leskovik	1800	40.150	20.580
Konispol	1500	39.660	20.170
