Yerevan	1088300	40.170	44.520
Gyumri	139900	40.780	43.830
Vanadzor	93600	40.800	44.490
Vagharshapat	51100	40.160	44.290
Hrazdan	43800	40.500	44.750
Abovyan	38800	40.270	44.620
Kapan	34600	39.200	46.400
Armavir	28700	40.150	44.040
Gavar	23200	40.330	45.140
Artashat	22500	39.940	44.570
Goris	20800	39.510	46.330
Charentsavan	19700	40.350	44.600
Ararat	19500	39.850	44.700
Masis	19000	40.070	44.430
Ashtarak	18900	40.300	44.350
Sevan	18700	40.550	44.950
Artik	15900	40.620	43.970
Ijevan	15300	40.880	45.140
Sisian	15000	39.470	45.980
Alaverdi	14800	41.130	44.650
Dilijan	14800	40.750	44.870
Stepanavan	13900	41.010	44.390
Spitak	13600	40.840	44.270
Vedi	12200	39.910	44.730
Vardenis	11400	40.180	45.720
Martuni	11100	40.140	45.320
Yeghvard	10800	40.320	44.480
Nor hachn	9400	40.300	44.580
Metsamor	8800	40.070	44.290
Berd	8400	40.880	45.390
Kajaran	8000	39.150	46.150
Tashir	7800	41.120	44.280
Akhuryan	7700	40.780	43.900
Vardenik	7700	40.140	45.440
Yegheknadzor	7700	39.750	45.330
Ayntap	7300	40.100	44.470
Byureghavan	7000	40.310	44.590
Nerkin getashen	7000	40.150	45.260
Garni	6900	40.120	44.720
Ararat	6600	39.810	44.710
Chambarak	6200	40.600	45.350
Sarukhan	6200	40.290	45.130
Nor khaberd	5800	40.090	44.480
Aparan	5700	40.600	44.350
Zolakar	5700	40.130	45.380
Noratus	5500	40.380	45.180
Hoktember	5400	40.140	44.010
Jrvesh	5400	40.190	44.590
Vayk	5400	39.690	45.470
Arinj	5200	40.230	44.570
Aragats	5100	40.220	44.230
Geghhovit	5100	40.100	45.280
Jermuk	5100	39.840	45.670
Karmirgyukh	5100	40.340	45.140
Noyemberyan	5100	41.170	44.990
Maralik	5000	40.580	43.870
Mrgashat	5000	40.130	44.070
Talin	5000	40.390	43.870
Nor geghi	4900	40.320	44.580
Metsavan	4800	41.200	44.230
Oshakan	4800	40.270	44.270
Parakar	4800	40.160	44.410
Agarak	4700	39.220	46.550
Gugark	4700	40.810	44.540
Azatan	4500	40.720	43.820
Meghri	4500	38.900	46.260
Mkhchyan	4500	40.020	44.490
Odzun	4500	41.050	44.610
Zovuni	4500	40.510	44.430
Koghbi	4400	41.180	44.970
Proshyan	4400	40.250	44.420
Kasakh	4300	40.530	44.420
Yeranus	4300	40.190	45.190
Avshar	4200	39.840	44.680
Lchashen	4200	40.520	44.930
Malishka	4200	39.740	45.390
Verin getashen	4200	40.130	45.250
Lichk	4100	40.160	45.230
Vosketap	4100	39.870	44.650
Nalbandyan	4000	40.060	43.980
Tsovinar	4000	40.160	45.460
Achajur	3900	40.990	45.150
Byurakan	3900	40.340	44.270
Gandzak	3900	40.310	45.110
Shahumyan	3900	39.930	44.580
Tsovagyugh	3900	40.630	44.950
Verin artashat	3900	40.000	44.590
Arshaluys	3800	40.170	44.210
Aygavan	3800	39.890	44.650
Voskevaz	3800	40.280	44.300
Geghashen	3700	40.410	44.640
Dzoragyukh	3600	40.180	45.180
Akunk	3500	40.150	45.720
Astghadzor	3500	40.120	45.360
Hovtashat	3500	40.100	44.340
Karbi	3500	40.330	44.380
Myasnikyan	3500	40.180	43.910
Haghartsin	3400	40.780	44.960
Karakert	3400	40.240	43.810
Taperakan	3400	39.920	44.610
Gay	3300	40.080	44.310
Margahovit	3300	40.740	44.690
Vaghashen	3300	40.140	45.330
Aramus	3200	40.250	44.660
Artsvaberd	3200	40.830	45.470
Aygezard	3200	39.950	44.610
Berdavan	3200	41.200	45.000
Gandzakar	3200	40.840	45.160
Arteni	3100	40.300	43.750
Bambakashat	3100	40.110	44.010
Dalarik	3100	40.220	43.860
Jrashen	3100	40.790	44.200
Norashen	3100	40.000	44.590
Aragats	3000	40.330	43.670
Bagratashen	3000	41.250	44.820
Balahovit	3000	40.250	44.600
Janfida	3000	40.050	44.020
Kaghtsrashen	3000	39.970	44.620
Kanakeravan	3000	40.250	44.540
Marmarashen	3000	40.060	44.470
Aghavnatun	2900	40.230	44.250
Aygehovit	2900	40.970	45.250
Azatavan	2900	39.980	44.500
Pokr vedi	2900	39.900	44.610
Shnogh	2900	41.150	44.840
Vostan	2900	39.960	44.560
Armavir	2800	40.090	44.050
Artsvanist	2800	40.150	45.500
Bjini	2800	40.460	44.650
Dvin	2800	40.020	44.590
Urtsadzor	2800	39.910	44.820
Aknalich	2700	40.140	44.150
Aragats	2700	40.490	44.350
Aratashen	2700	40.130	44.430
Arzakan	2700	40.450	44.610
Meghradzor	2700	40.610	44.650
Merdzavan	2700	40.180	44.400
Norapat	2700		
Jrarat	2600	44.070	44.260
Kosh	2600	40.310	44.160
Mets masrik	2600	40.220	45.750
Sarnaghbyur	2600	40.070	45.150
Arevik	2500	40.100	44.100
Argel	2500	40.380	44.600
Arzni	2500	40.310	44.600
Aygedzor	2500	39.470	46.420
Dalar	2500	39.970	44.540
Dsegh	2500	40.960	44.650
Lernanist	2500	40.470	44.800
Norakert	2500	40.190	44.350
Tsovak	2500	40.180	45.640
Udjan	2500	40.300	44.210
Aralez	2400	39.900	44.650
Arevashogh	2400	40.860	44.270
Armash	2400	39.770	44.810
Aygestan	2400	40.000	44.560
Baghramyan	2400	40.190	44.370
Geghanist	2400	40.150	44.430
Hatsik	2400	40.160	43.940
Haytagh	2400	40.180	44.230
Pemzashen	2400	40.590	43.940
Samaghar	2400	40.190	44.240
Alapars	2300	40.430	44.630
Aqori	2300	41.100	44.620
Darakert	2300	40.110	44.410
Karchaghbyur	2300	40.160	45.570
Musaler	2300	40.150	44.380
Panik	2300	40.660	43.940
Solak	2300	40.460	44.710
Surenavan	2300	39.750	44.800
Tazagyukh	2300	40.140	45.190
Akhtala	2200	41.150	44.770
Ashotsk	2200	41.040	43.860
Ayrum	2200	41.200	44.900
Ddmashen	2200	40.570	44.810
Goravan	2200	39.900	44.730
Kaghsi	2200	40.480	44.740
Khoronk	2200	40.140	44.240
Lukashin	2200	40.180	44.020
Lusarat	2200	39.870	44.600
Nor kyanq	2200	39.900	44.620
Ohanavan	2200	40.340	44.390
Pshatavan	2200	40.040	44.070
Shinuhayr	2200	39.430	46.320
Vanashen	2200		
Voskehat	2200	40.140	44.330
Arevshat	2100	40.040	44.540
Argavand	2100	40.060	44.100
Getashen	2100	40.040	43.940
Ghukasavan	2100	40.130	44.420
Gladzor	2100	39.780	45.350
Gyulagarak	2100	40.970	44.490
Kamaris	2100	40.240	44.690
Koti	2100	41.140	45.130
Lanjaghbyur	2100	40.270	45.140
Mrgavet	2100	40.030	44.480
Sevkar	2100	41.020	45.140
Tairov	2100	40.160	44.420
Tegh	2100	39.550	46.480
Tsakqar	2100	40.170	45.200
Vardadzor	2100	40.190	45.190
Verishen	2100	39.540	46.310
Burastam	2000	39.980	44.500
Dzoraghbyur	2000	40.210	44.640
Getahovit	2000	40.900	45.130
Getazat	2000	40.040	44.560
Hayanist	2000	40.120	44.380
Kurtan	2000	40.960	44.570
Mets mantash	2000	40.650	44.050
Mosesgegh	2000	40.910	45.490
Norabats	2000	40.110	44.430
Sarchapet	2000	41.200	44.390
Sasunik	2000	40.250	44.340
Shirakamut	2000	40.860	44.150
Tsovazard	2000	40.480	45.040
Aghavnadzor	1900	39.780	45.230
Arbat	1900	40.140	44.400
Azatamut	1900	40.980	45.200
Brnakot	1900	39.500	45.970
Getap	1900	39.760	45.310
Goght	1900	40.140	44.780
Griboyedov	1900	40.110	44.270
Horom	1900	40.650	43.880
Khndzoresk	1900	39.510	46.430
Mets parni	1900	40.840	44.110
Nshavan	1900	40.030	44.530
Parpi	1900	40.330	44.310
Quchak	1900	40.530	44.390
Shahumyan	1900	40.790	44.530
Taronik	1900	40.130	44.200
Verin dvin	1900	40.030	44.590
Verin karmir aghbyur	1900	40.880	45.440
Akunk	1800	40.270	44.680
Darpas	1800	40.840	44.420
Dashtavan	1800	40.100	44.390
Hnaberd	1800	40.640	44.140
Khandjyan	1800		
Noramarg	1800	40.020	44.420
Noyakert	1800	39.820	44.670
Pokr mantash	1800	40.650	44.050
Shenavan	1800	40.050	43.930
Sisavan	1800	39.900	44.670
Tandzut	1800	40.080	44.090
Voskehask	1800	40.740	43.780
Yeghegnut	1800	40.090	44.160
Zartonk	1800	40.110	44.160
Aghdzk	1700	40.320	44.250
Amasia	1700	40.950	43.780
Angeghakot	1700	39.570	45.940
Arapi	1700	40.780	43.800
Areni	1700	39.720	45.180
Argavand	1700	40.160	44.440
Baghramyan	1700	39.980	44.520
Berqanush	1700	39.980	44.520
Buzhakan	1700	40.460	44.520
Chochkan	1700	41.190	44.830
Gegharkunik	1700	40.260	45.140
Jrashen	1700	40.050	44.500
Katnajur	1700	40.830	44.140
Khashtarak	1700	40.940	45.180
Lernagog	1700	40.350	44.120
Lernapat	1700	40.820	44.400
Marmashen	1700	40.840	43.770
Mayakovski	1700	40.250	44.640
Mrgavan	1700	39.970	44.530
Norashen	1700		
Sayat-nova	1700	40.070	44.400
Shatin	1700	39.830	45.300
Tumanyan	1700	40.990	44.660
Agarak	1600	40.330	44.070
Apaga	1600	40.100	44.250
Arevshat	1600	40.650	44.040
Aygeshat	1600	40.070	44.070
Geghamavan	1600	40.560	44.880
Khachpar	1600	40.130	44.400
Mrgashen	1600	40.290	44.540
Nor armavir	1600	40.090	43.990
Paravakar	1600	40.980	45.400
Shenavan	1600	40.490	44.380
Sovetakan	1600	40.110	44.060
Tovuz	1600	40.880	45.390
Tsaghkadzor	1600	40.550	44.750
Tsaghkahovit	1600	40.640	44.220
Varser	1600	40.560	44.910
Anushavan	1500	40.640	43.980
Araks	1500		
Arevik	1500	40.740	43.890
Artimet	1500	40.150	44.270
Dzerzhinsky	1500		
Kotayk	1500	40.280	44.660
Lenughi	1500	40.140	44.240
Lernavan	1500	40.790	44.180
Maisyan	1500	40.850	43.830
Musayelyan	1500	40.770	43.990
Nor gyukh	1500	40.270	44.660
Nor yerznka	1500	40.310	44.400
Zhdanov	1500	40.160	44.090
Zovaber	1500	40.570	44.790
Abovyan	1400	40.050	44.550
Aknashen	1400	40.100	44.290
Araks	1400	40.070	44.300
Arazap	1400	40.040	44.150
Arevashat	1400	40.140	44.370
Aygepat	1400	39.950	44.600
Aygeshat	1400	40.230	44.280
Gargar	1400	40.960	44.440
Landjazat	1400	40.060	44.580
Lernahovit	1400	41.170	44.310
Margara	1400	40.030	44.170
Masis	1400	40.070	44.490
Nor artages	1400		
Norashen	1400	41.190	44.330
Ptghunk	1400	40.160	44.360
Rind	1400	39.760	45.180
Sarahart	1400	40.870	44.210
Yeraskhahun	1400	40.070	44.220
Zorak	1400	40.090	44.390
Agarak	1300	41.010	44.470
Aghavnadzor	1300	40.580	44.690
Amberd	1300	40.240	44.270
Bardzrashen	1300	40.090	44.580
Fioletovo	1300	40.720	44.710
Gagarin	1300	40.540	44.860
Kamo	1300	40.830	43.950
Kaputan	1300	40.320	44.690
Lernakert	1300	40.570	43.940
Lusakunq	1300		
Nerqin bazmaberd	1300	40.350	44.060
Nor kesaria	1300	40.180	44.450
Ushi	1300	40.350	44.370
Vardablur	1300	40.970	44.510
Voskevan	1300	41.120	45.070
Yelpin	1300	39.810	45.110
Yerazgavors	1300	40.700	43.770
Zar	1300	40.260	44.740
Zaritap	1300	39.640	45.510
Agarakadzor	1200	39.740	45.350
Archis	1200	41.160	44.870
Byuravan	1200	40.020	44.520
Chinari	1200	40.850	45.570
Dimitrov	1200	40.010	44.490
Doghs	1200	40.220	44.270
Dzitankov	1200	40.520	43.810
Getapnya	1200	40.140	44.430
Hartagyukh	1200	40.840	44.050
Haykavan	1200	40.760	43.770
Haykavan	1200	40.430	45.100
Kanachut	1200	40.010	44.540
Karahunj	1200	39.480	46.360
Katnaghbyur	1200		
Lernantsk	1200	40.780	44.270
Navur	1200	40.860	45.320
Nor kyanq	1200	40.650	43.920
Ptghni	1200	40.260	44.590
Shaki	1200	39.560	46.000
Spandaryan	1200	40.670	44.020
Teghut	1200	40.780	44.940
Tsaghkaber	1200	40.800	44.110
Tsaghkalandj	1200	40.200	44.230
Vahagni	1200	40.910	44.610
