Tafuna	10000	-14.320	-170.720
Nu'uuli	4900	-14.330	-170.700
Leone	4200	-14.340	-170.780
Pago pago	4100	-14.240	-170.720
Ili'ili	3000	-14.390	-170.710
Pava'ia'i	2600	-14.340	-170.750
Faleniu	2400	-14.330	-170.740
Aua	2100	-14.280	-170.660
Fagatogo	2000	-14.290	-170.690
Mapusagafou	1900	-14.320	-170.750
Vaitogi	1600	-14.390	-170.730
Malaeimi	1300	-14.310	-170.740
Vailoatai	1200	-14.390	-170.780
Faga'alu	956	-14.290	-170.680
Aoloau	922	-14.290	-170.780
Lauli'i	891	-14.310	-170.660
Futiga	866	-14.400	-170.760
Fagasa	855	-14.260	-170.760
Utulei	767	-14.290	-170.680
Taputimu	759	-14.360	-170.770
Malaeloa-ituau	743	-14.350	-170.770
Malaeloa-aitulagi	708	-14.340	-170.770
Vatia	616	-14.200	-170.650
Mesepa	570	-14.330	-170.740
Leloaloa	508	-14.270	-170.680
Afono	504	-14.260	-170.650
Alao	502	-14.270	-170.530
Amouli	494	-14.310	-170.570
Aoa	482	-14.270	-170.590
Alofau	470	-14.300	-170.600
Masefau	463		
Faga'itua	459	-14.280	-170.610
Aunu'u	452	-14.290	-170.550
Atu'u	393	-14.270	-170.680
Tula	393	-14.230	-170.550
Aasu	388		
Ofu	261	-14.150	-169.680
Swains	38		
