Sydney	4277200	-33.870	151.210
Melbourne	3666000	-37.810	144.960
Brisbane	1598600	-27.460	153.020
Perth	1412900	-31.960	115.840
Adelaide	1089700	-34.930	138.600
Newcastle	502300	-32.920	151.750
Gold coast	457900	-28.070	153.440
Canberra	323100	-35.310	149.130
Wollongong	262500	-34.420	150.870
Sunshine coast	254700	-25.880	152.560
Hobart	201000	-42.850	147.290
Geelong	161500	-38.140	144.320
Townsville	152400	-19.260	146.780
Cairns	128500	-16.920	145.750
Launceston	99400	-41.450	147.130
Albury-wodonga	97300	-36.060	146.920
Darwin	95000	-12.430	130.850
Toowoomba	91800	-27.560	151.960
Ballarat	85300	-37.560	143.840
Shoalhaven	81600	-34.880	150.590
Bendigo	80400	-36.760	144.280
Burnie-devonport	78400	-41.060	145.890
Bathurst-orange	76600	-33.420	149.570
Mackay	72700	-21.140	149.180
Hastings	68000	-38.310	145.190
Rockhampton	66100	-23.370	150.510
Coffs harbour	62600	-30.300	153.120
Bundaberg	60300	-24.870	152.350
Wagga wagga	56400	-35.120	147.350
Mildura	46900	-34.190	142.160
Shepparton-mooroopna	45300	-36.370	145.400
Maroochydore-mooloolaba	45100	-26.680	153.120
Taree	44900	-31.900	152.470
Lismore	43200	-28.810	153.290
Gladstone	42900	-23.850	151.250
Mandurah	40800	-32.530	115.750
Hervey bay	39700	-25.290	152.840
Dubbo	39100	-32.250	148.600
Tamworth	36700	-31.100	150.920
Port macquarie	35900	-31.440	152.910
Kalgoorlie-boulder	35600	-30.740	121.460
Caloundra	35100	-26.810	153.130
Melton	33500	-37.690	144.570
Tewantin-noosa	32300	-26.390	153.030
Warrnambool	28800	-38.380	142.470
Geraldton	28700	-28.770	114.590
Bunbury	28300	-33.350	115.650
Cranbourne	27400	-38.110	145.270
Mount isa	27000	-20.730	139.480
Maryborough	26400	-25.540	152.720
Alice springs	25500	-23.700	133.870
Palmerston	24700	-12.400	130.900
Sunbury	24500	-37.570	144.710
Whyalla	24400	-33.030	137.570
Queanbeyan	23800	-35.350	149.220
Albany	23300	-35.020	117.880
Mount gambier	23000	-37.840	140.770
Armidale	22700	-30.510	151.660
Richmond-windsor	22700	-33.600	150.740
Goulburn	22600	-34.750	149.710
