Baki	1112900	40.390	49.860
Gæncæ	302500	40.680	46.350
Sumqayit	263600	40.590	49.640
Mingæcevir	95200	40.770	47.040
Qaracuxur	72200	40.420	49.960
Æli bayramli	69700	39.930	48.910
Bakixanov	66300	40.410	49.930
Naxcivan	64500	39.220	45.410
Sæki	62100	41.200	47.170
Xankændi	53600	39.820	46.750
Yevlax	53300	40.620	47.140
Lænkæran	48600	38.750	48.840
Ræsulzadæ	44500	40.430	49.830
Bilæcæri	41800	40.430	49.800
Mastaga	39900	40.540	49.990
Agdam	38800	39.990	46.920
Bærdæ	37100	40.390	47.110
Xacmaz	36800	41.470	48.800
Salyan	36300	39.590	48.960
Hovsan	36100	40.390	50.080
Cælilabad	36000	39.210	48.490
Goycay	35300	40.660	47.730
Sæmkir	35200	40.830	46.010
Agcabædi	34600	40.050	47.440
Xirdalan	33000	40.440	49.780
Imisli	31200	39.870	48.050
Lokbatan	30500	40.320	49.730
Samaxi	29100	40.640	48.630
Sabirabad	27800	40.000	48.480
Æmircan	26500	40.430	49.980
Fuzuli	26300	39.600	48.150
Buzovna	24700	40.520	50.120
Binæ	24400	40.450	50.080
Agdas	23300	40.650	47.460
Qazi mæmmæd	23000	40.040	48.930
Quba	22300	41.370	48.500
Siyæzæn	22200	41.080	49.100
Sahil	21800		
Dævæci	21300	41.210	48.980
Zabrat	21300	40.490	49.950
Sabuncu	20900	40.440	49.950
Qazax	19100	41.100	45.350
Haci zeynalabdin tagiyev	18900	40.630	49.540
Neftcala	18500	39.350	49.250
Susa	18300	39.760	46.750
Zaqatala	18200	41.640	46.640
Bilæsuvar	18100	39.450	48.540
Tærtær	18000	40.340	46.930
Kurdæmir	17900	40.350	48.140
Kesla	17600	40.400	49.900
Xanlar	17600	40.580	46.320
Saatli	17100	39.900	48.380
Agsu	17000	40.570	48.390
Bulbulæ	16100	40.430	49.980
Qusar	15900	41.420	48.420
Ucar	15600	40.520	47.640
Astara	15000	38.450	48.850
Suvælan	15000	40.490	50.160
Mærdækan	14900	40.490	50.140
Yeni suraxani	14800	40.430	50.100
