Brussel	1005800	50.830	4.330
Antwerpen	455800	51.220	4.420
Gent	229400	51.050	3.720
Charleroi	200400	50.420	4.430
Liege	183900	50.640	5.570
Brugge	116900	51.220	3.230
Namur	106100	50.470	4.870
Leuven	91400	50.880	4.700
Mons	91200	50.450	3.930
Aalst	77100	50.930	4.030
Mechelen	77000	51.030	4.470
La louviere	76600	50.490	4.230
Kortrijk	74200	50.830	3.270
Hasselt	69200	50.930	5.330
Sint-niklaas	68800	51.170	4.130
Oostende	68400	51.220	2.920
Tournai	67500	50.600	3.380
Genk	63500	50.970	5.500
Seraing	60600	50.600	5.480
Roeselare	55500	50.950	3.130
Verviers	53000	50.580	5.870
Mouscron	52200	50.730	3.220
Beveren	45200	51.220	4.250
Dendermonde	43200	51.030	4.120
Beringen	40500	51.050	5.220
Turnhout	39500	51.320	4.950
Dilbeek	39000	50.850	4.270
Heist-op-den-berg	37800	51.080	4.720
Sint-truiden	37700	50.800	5.200
Lokeren	37300	51.100	3.980
Brasschaat	37200	51.280	4.450
Braine-l'alleud	36500	50.690	4.370
Herstal	36500	50.670	5.630
Vilvoorde	36400	50.930	4.430
Maasmechelen	36100	50.820	5.670
Waregem	35900	50.880	3.420
Chatelet	35300	50.400	4.510
Ieper	35100	50.850	2.880
Ninove	34800	50.830	4.020
Geel	34500	51.170	5.000
Halle	34300	50.730	4.230
Knokke-heist	33700	51.350	3.270
Grimbergen	33400	50.930	4.380
Schoten	33300	51.250	4.500
Lier	32800	51.140	4.570
Mol	32400	51.180	5.100
Binche	32200	50.400	4.170
Menen	32000	50.800	3.120
Wavre	31900	50.720	4.620
Tienen	31700	50.800	4.950
Lommel	31600	51.230	5.300
Evergem	31500	51.120	3.700
Wevelgem	31100	50.800	3.170
Geraardsbergen	30900	50.770	3.870
Heusden-zolder	30700	51.030	5.260
Sint-pieters-leeuw	30400	50.780	4.230
Tongeren	29800	50.780	5.470
Bilzen	29600	50.870	5.520
Courcelles	29600	50.470	4.370
Houthalen-helchteren	29500	51.030	5.380
