Cotonou	818100	6.360	2.440
Porto novo	234300	6.480	2.630
Parakou	227900	9.340	2.620
Djougou	206500	9.700	1.680
Bohicon	164700	7.170	2.070
Kandi	149900	11.130	2.940
Abomey	126800	7.190	1.990
Natitingou	119900	10.320	1.390
Lokossa	111000	6.620	1.710
Ouidah	97000	6.360	2.090
Save	49700	8.030	2.490
Kouande	48900	10.330	1.700
Cove	48100	7.240	2.300
Savalou	43200	7.930	1.970
Nikki	39900	9.930	3.220
Sakete	37500	6.720	2.670
Malanville	37400	11.870	3.380
Allada	33100	6.650	2.150
Pobe	32200	6.970	2.680
Dassa	31000	7.770	2.200
Bembereke	26300	10.220	2.670
Dogbo	25700	6.800	1.770
Come	22000	6.400	1.880
Aplahoue	17800	6.940	1.670
Tchaourou	16400	8.880	2.600
Tanguiete	15800	10.620	1.270
Batia	15400	10.900	1.480
Ketou	15100	7.360	2.610
Zagnanado	13300	7.210	2.340
Athieme	12600	6.600	1.710
Boukombe	10800	10.180	1.100
Adjohoun	9900		
Grand popo	9700	6.280	1.830
