Ouagadougou	996500	12.370	-1.530
Bobo dioulasso	320700	11.180	-4.290
Koudougou	72600	12.250	-2.370
Ouahigouya	52000	13.570	-2.420
Banfora	49400	10.630	-4.760
Dedougou	35800	12.460	-3.470
Kaya	32500	13.090	-1.090
Tenkodogo	31500	11.770	-0.360
Fada n'gourma	31200	12.060	0.360
Dori	24900	14.040	-0.030
Reo	22400	12.320	-2.470
Hounde	21500	11.490	-3.520
Djibo	20700	14.100	-1.630
Leo	19200	11.100	-2.100
Po	19000	11.170	-1.140
Kongoussi	18400	13.320	-1.530
Yako	18300	12.960	-2.270
Koupela	18000	12.180	-0.360
Zorgo	17900	12.240	-0.610
Kombissiri	17400	12.070	-1.340
Orodara	16900	10.970	-4.910
Bousse	16800	13.100	-3.410
Tougan	16000	13.070	-3.080
Nouna	15400	12.730	-3.870
Manga	13900	11.660	-1.070
Boromo	13100	11.750	-2.930
Boulsa	12100	12.660	-0.570
Diebougou	11600	10.960	-3.250
Ziniare	11600	12.580	-1.300
Sindou	10900	10.660	-5.170
Gourcy	9500	13.210	-2.360
Kantchari	9500	12.480	1.520
Koloko	9400	11.080	-5.320
Bogande	9000	12.970	-0.140
Garango	8300	11.800	-0.550
Kampti	7900	10.140	-3.460
Loropeni	7600	10.290	-3.520
Louta	7300	13.500	-3.170
Gao	7000	11.650	-2.180
Gaoua	6600	10.330	-3.180
Koalla	6500	13.400	-0.140
Pa	6500	11.540	-3.260
Bekuy	6400	11.640	-3.890
Dano	5900	11.150	-3.060
Gorom-gorom	5500	14.440	-0.230
Diapaga	5100	12.080	1.790
Pama	4900	11.240	-0.720
Aribinda	3500	14.230	-0.870
Gayeri	2800	12.630	0.490
Yambi	2500		
Batie	1300	9.870	-2.920
Nayouri	1300		
