Dhaka	5818600	23.700	90.390
Chattagam	3310100	22.330	91.810
Khulna	1311100	22.840	89.560
Rajshahi	668400	24.370	88.590
Maimansingh	326600	24.750	90.390
Tungi	316400	23.880	90.400
Komilla	305700	23.460	91.170
Silhat	295000	24.900	91.870
Rangpur	260800	25.740	89.250
Barisal	254400	22.700	90.370
Narsingdi	252300	23.920	90.720
Narayanganj	238000	23.620	90.500
Bogora	218900	24.840	89.370
Jessor	218600	23.170	89.210
Brahman bariya	197600	23.970	91.100
Dinajpur	177200	25.630	88.640
Pabna	153700	24.000	89.240
Nawabganj	148400	24.590	88.270
Tangayal	144800	24.250	89.920
Jamalpur	144300	24.920	89.940
Naugaon	142900	24.820	88.960
Sirajganj	139800	24.460	89.700
Gazipur	129500	23.800	90.650
Chandpur	119200	23.220	90.670
Begamganj	113900	23.040	91.100
Kushtiya	113400	23.910	89.140
Chuadanga	107300	23.640	88.860
Koks bazar	104100	21.440	91.980
Noakhali	103100	22.810	91.090
Satkhira	100300	22.710	89.080
Gaybanda	98500	25.330	89.540
Munshiganj	92400	23.490	90.380
Faridpur	91800	23.610	89.850
Ishurdi	91300	24.140	89.070
Bhairab bazar	90700	24.060	90.960
Kaunia	87000		
Nator	85600	24.410	88.980
Shahjadpur	85400	24.190	89.600
Sherpur	85300	25.020	90.000
Bhola	84900	22.680	90.640
Jhanaydah	83100	23.550	89.180
Kishorganj	78000	24.440	90.770
Kurigram	73800	25.830	89.700
Rupganj	72600		
Ramgati	71300		
Boalkhali	69600		
Habiganj	68400	24.380	91.410
Alamdanga	67800	23.740	88.930
Sarishabari	67400	24.740	89.830
Mungla	67100	22.220	89.540
Laksham	65200	23.240	91.120
Feni	64200	23.010	91.390
Madaripur	64200	23.180	90.200
Manikganj	64000	23.830	90.090
Fulbaria	63800	24.620	90.730
Patuakhali	63700	22.360	90.240
Gopalpur	63100	24.540	89.800
Kaptai	62300	22.470	92.200
Netrakona	59500	24.890	90.730
Lalmanir hat	59100	25.910	89.450
