Sofija	1044200	42.690	23.310
Plovdiv	324400	42.150	24.750
Varna	304400	43.210	27.900
Burgas	186600	42.510	27.470
Ruse	156000	43.850	25.980
Stara zagora	137100	42.420	25.630
Pleven	128400	43.420	24.620
Sliven	94200	42.680	26.320
Dobric	91800	43.580	27.830
Sumen	84800	43.280	26.930
Pernik	82000	42.610	23.030
Haskovo	77000	41.940	25.560
Pazardzik	75700	42.200	24.330
Jambol	75500	42.500	26.520
Blagoevgrad	68000	42.030	23.090
Veliko tarnovo	63300	43.090	25.630
Gabrovo	62100	42.900	25.310
Vraca	57600	43.220	23.560
Kazanlak	51400	42.630	25.400
Vidin	50400	44.010	22.870
Asenovgrad	49600	42.020	24.880
Kjustendil	47900	42.300	22.690
Montana	44500	43.420	23.230
Dimitrovgrad	43700	42.060	25.610
Kardzali	43600	41.650	25.370
Targoviste	41400	43.250	26.580
Lovec	40000	43.150	24.720
Dupnica	39400	42.270	23.120
Silistra	38900	44.110	27.270
Gorna orjahovica	33600	43.130	25.700
Razgrad	32900	43.530	26.530
Smoljan	31600	41.590	24.700
Svistov	28900	43.620	25.350
Petric	28400	41.400	23.220
Samokov	26300	42.350	23.570
Sandanski	25400	41.560	23.290
Lom	25100	43.830	23.250
Karlovo	24500	42.660	24.810
Nova zagora	23800	42.500	26.020
Velingrad	23800	42.030	24.000
Sevlievo	23000	43.030	25.100
Trojan	22700	42.900	24.720
Ajtos	20800	42.720	27.260
Botevgrad	20100	42.920	23.780
Harmanli	19700	41.930	25.910
Karnobat	19500	42.660	26.990
Popovo	19300	43.360	26.230
Pestera	18600	42.040	24.310
Goce delcev	18500	41.580	23.740
Panagjuriste	18200	42.510	24.180
Cerven brjag	18100	43.280	24.130
Cirpan	17400	42.200	25.330
Svilengrad	17000	41.780	26.200
Rakovski	15300	42.290	24.970
Radomir	14900	42.560	22.970
Parvomaj	14800	42.100	25.220
Provadija	13900	43.180	27.450
Levski	13700	43.370	25.150
Berkovica	13200	43.240	23.140
Radnevo	13000	42.300	25.950
