Sarajevo	602500	43.850	18.380
Banja luka	196500	44.780	17.190
Zenica	139800	44.200	17.910
Tuzla	123500	44.540	18.670
Mostar	94100	43.340	17.810
Bihac	64600	44.820	15.870
Brcko	38000	44.870	18.810
Bijeljina	36700	44.760	19.220
Prijedor	36300	44.980	16.710
Bugojno	35700	44.060	17.450
Trebinje	29300	42.710	18.340
Travnik	27400	44.230	17.670
Doboj	26700	44.730	18.090
Cazin	19400	44.970	15.940
Gorazde	17700	43.670	18.980
Velika kladusa	17600	45.190	15.810
Visoko	16900	43.990	18.180
Konjic	15300	43.650	17.960
Bosanska krupa	15100	44.880	16.150
Foca	15000	43.510	18.780
Gracanica	14700	44.700	18.310
Gradacac	14600	44.880	18.430
Bosanska gradiska	14500	45.140	17.250
Zavidovici	14300	44.450	18.150
Sanski most	14000	44.770	16.670
Mrkonjic grad	13600	44.420	17.090
Zivinice	13000	44.450	18.650
Lukavac	12300	44.520	18.420
Bileca	12200	42.870	18.430
Kakanj	12100	44.130	18.120
Livno	11400	43.830	17.010
Derventa	11200	44.980	17.910
Bosanska dubica	10800	45.180	16.810
Odzak	10800	45.010	18.330
Bosanski brod	10300	45.140	17.990
Novi travnik	10300	44.170	17.660
Sipovo	10100	44.280	17.080
Jajce	10000	44.340	17.270
Bosanski novi	9900	45.050	16.380
Stijena	9800	44.940	16.020
Prozor	9400	43.820	17.610
Zvornik	9200	44.390	19.100
Ljubuski	9100	43.200	17.550
Todorovo	8700	45.090	15.930
Vogosca	8600	43.900	18.350
Listica	8500	43.380	17.590
Potoci	8500	43.410	17.880
Donji vakuf	8200	44.140	17.400
Sokolac	7900	43.940	18.800
Zepce	7900	44.430	18.040
Kiseljak	7800	43.940	18.080
Mionica	7800	44.870	18.460
Vitez	7800	44.150	17.790
Capljina	7700	43.110	17.700
Fojnica	7600	43.960	17.900
Kljuc	7600	44.540	16.770
Milici	7600	44.170	19.090
Banovici	7500	44.410	18.520
Maglaj	7500	44.550	18.100
Stolac	7500	43.080	17.960
