Minsk	1646600	53.910	27.550
Homjel'	489400	52.430	30.990
Mahiljow	359700	53.900	30.330
Vicebsk	353300	55.190	30.180
Hrodna	313700	53.670	23.830
Brest	289800	52.120	23.680
Babrujsk	226900	53.130	29.190
Baranavicy	175600	53.140	26.020
Barisaw	154900	54.220	28.510
Pinsk	135400	52.120	26.100
Orsa	123200	54.510	30.410
Mazyr	108800	52.050	29.270
Salihorsk	101300	52.820	27.530
Navapolack	97800	55.540	28.660
Lida	95900	53.890	25.280
Maladzecna	95800	54.320	26.860
Polack	86800	55.490	28.790
Svetlahorsk	73000	52.640	29.760
Recyca	69200	52.360	30.400
Zlobin	68800	52.890	30.030
Sluck	60700	53.030	27.550
Zodzina	57900	54.100	28.350
Rahacow	51500	53.090	30.050
Slonim	51500	53.100	25.320
Kobryn	50000	52.210	24.350
Vawkavysk	42100	53.160	24.440
Kalinkavicy	41300	52.130	29.330
Smarhon'	36700	54.490	26.410
Asipovicy	33800	53.300	28.650
Horki	33300	54.290	30.980
Krycaw	30400	53.700	31.720
Bjaroza	30100	52.530	24.980
Navahrudak	30100	53.600	25.820
Viljejka	28700	54.490	26.910
Pruzany	24600	52.560	24.460
Dzjarzinsk	23900	53.690	27.140
Marjina horka	22500	53.510	28.150
Pastavy	21800	55.120	26.840
Luninjec	21300	52.250	26.820
Byhau	19700	53.520	30.240
Dobrus	19500	52.420	31.320
Ljepjel'	19100	54.890	28.690
Klimavicy	18000	53.610	31.940
Hlybokaje	17500	55.140	27.680
Ivacevicy	15800	52.720	25.350
Hojniki	15700	51.890	29.970
Masty	15100	53.410	24.530
Zytkavicy	14200	52.220	27.860
Scucyn	14100	53.610	24.750
Sklov	13700	54.230	30.280
Kascjukovka	13600	52.540	30.930
Asmjany	13500	54.430	25.930
Haradok	13100	55.470	29.980
Hancavicy	12900	52.760	26.440
Njasviz	12800	53.220	26.680
Novalukoml'	12700	54.650	29.220
Baran'	12500	54.480	30.340
Ivanava	12500	52.150	25.540
Smaljavicy	12500	54.030	28.090
Stovbcy	12500	53.480	26.740
