Timphu	62500	27.480	89.700
Phuntsholing	60400	26.850	89.380
Punakha	21500	27.780	89.900
Samdrup jongkhar	13800	26.880	91.500
Geylegphug	6700	26.870	90.250
Paro	4400	27.440	89.420
Tashigang	4400	27.330	91.570
Wangdiphodrang	3300	27.480	89.900
Taga dzong	3100	27.070	89.880
Tongsa	2300	27.500	90.500
Damphu	2000	27.070	90.100
Lhuntshi	1900	27.650	91.160
Jakar	1800	27.600	90.820
Pemagatsel	1700	27.080	91.380
Gasa	1600	27.930	89.570
Ha	1500	27.370	89.280
Mongar	1400	27.250	91.200
Chhukha	1200	27.090	89.540
Samchi	1200	27.300	90.620
Shemgang	1200	27.230	90.650
