Gaborone	199600	-24.650	25.910
Francistown	89100	-21.170	27.500
Molepolole	58600	-24.400	25.510
Selibe phikwe	53500	-21.980	27.830
Maun	47000	-19.990	23.420
Serowe	45600	-22.390	26.710
Kanye	43600	-24.970	25.340
Mahalapye	42600	-23.100	26.820
Mochudi	39700	-24.370	26.150
Mogoditshane	35200	-24.630	25.870
Lobatse	31900	-25.220	25.680
Palapye	28200	-22.560	27.130
Tlokweng	22700	-24.530	25.970
Ramotswa	22200	-24.830	25.840
Thamaga	19400	-24.720	25.530
Moshupa	18200	-24.770	25.410
Tonota	16800	-21.440	27.480
Jwaneng	16300	-25.420	25.550
Letlhakane	16100	-21.420	25.590
Bobonong	15700	-21.970	28.420
Tutume	14700	-20.510	27.050
Mmadinare	11700	-21.880	27.750
Gabane	11200	-24.660	25.780
Ghanzi	10700	-21.700	21.640
Orapa	9800	-21.280	25.370
Kasane	8200	-17.810	25.150
Shoshong	8000	-22.950	26.480
Tsabong	7100	-26.010	22.400
Gumare	6500	-19.220	22.200
Letlhakeng	6500	-24.070	25.030
Lerala	6200		
Kopong	6000	-24.480	25.880
Maitengwe	5700	-19.980	26.430
Otse	5600	-25.020	25.730
Mmankgodi	5400		
Molapowabojang	5200		
Tsienyane	4900	-21.020	24.330
Mmathethe	4700		
Shakawe	4700	-18.360	21.840
Tati	4700	-21.350	27.450
Tumasera seleka	4600		
Lotlhakane	4500	-21.420	25.580
Nata	4500	-20.210	26.190
Sefhare	4500		
Gweta	4400	-20.200	25.250
Metsimotlhaba	4400	-24.550	25.800
Lentsweletau	4300	-24.380	25.850
Mathangwane	4300	-21.030	27.320
Bokaa	4100	-24.450	26.020
Hukuntsi	4100	-24.000	21.750
Sefophe	4100	-22.180	27.970
Kang	4000	-23.750	22.830
Mmopane	3800	-24.570	25.870
Nkange	3800		
Ramokgonami	3800	-22.930	27.470
Mogoditshane botswana defence force	3700	-24.680	25.810
Oodi	3700		
Tsetsebjwe	3700		
Kumakwane	3400		
Manyana	3400	-23.400	21.720
