Bangui	687100	4.360	18.560
Berberati	66900	4.250	15.780
Carnot	58200	4.930	15.870
Bouar	57700	5.930	15.590
Bambari	52300	5.760	20.670
Kaga-bandoro	50600	6.980	19.180
Bossangoa	42700	6.500	17.460
Bria	41900	6.540	21.990
Bimbo	41500	4.300	18.540
Nola	41200	3.520	16.040
Bozoum	32400	6.320	16.380
Bangassou	31600	4.740	22.820
Mbaiki	28500	3.870	18.000
Sibut	27200	5.730	19.080
Rafa„è	26600	4.970	23.920
Ippy	23300	6.270	21.190
Bossembele	22300	5.270	17.650
Paoua	21500	7.250	16.430
Batangafo	20000	7.310	18.290
Boda	17900	4.320	17.470
Kabo	17800	7.650	18.620
Bouca	17300	6.510	18.280
Dekoa	16200	6.320	19.080
Grimari	15300	5.740	20.050
Kembe	15300	4.620	21.890
Alindao	14600	5.050	21.210
Bocaranga	13000	6.990	15.640
Gambo	12900	4.650	22.250
Ndele	12400	8.420	20.640
Damara	12300	4.960	18.700
Baboua	12000	5.800	14.830
Yakole	11900	5.310	17.090
Ouango	11600	4.310	22.550
Zemio	11000	5.030	25.140
Gamboula	10400	4.120	15.130
Baoro	10300	5.670	15.970
Boali	10100	4.800	18.110
Kouango	9600	5.000	19.990
Mongoumba	9600	3.640	18.600
Mobaye	8800	4.320	21.190
Obo	8300	5.390	26.490
Birao	6900	10.280	22.790
Ouadda	6300	8.070	22.400
