Toronto	4551800	43.650	-79.380
Montreal	3256300	45.520	-73.570
Vancouver	1836500	49.280	-123.130
Calgary	938300	51.050	-114.060
Ottawa	863000	45.420	-75.710
Edmonton	812400	53.570	-113.540
Hamilton	645100	43.260	-79.850
Quebec	643200	46.820	-71.230
Winnipeg	637900	49.880	-97.170
Kitchener	403800	43.460	-80.500
London	346900	42.970	-81.240
Saint catharines-niagara	312700	43.180	-79.240
Victoria	289400	48.430	-123.370
Windsor	274400	42.300	-83.030
Halifax	268900	44.670	-63.610
Oshawa	244700	43.890	-78.860
Gatineau	235000	45.420	-75.710
Saskatoon	195000	52.150	-106.660
Regina	174600	50.450	-104.610
Barrie	147200	44.380	-79.680
Abbotsford	139900	49.060	-122.300
Sherbrooke	129000	45.400	-71.900
Trois-rivieres	119200	46.350	-72.570
Kelowna	116400	49.890	-119.460
Saint john's	115400	47.580	-52.690
Guelph	113200	43.560	-80.260
Kingston	112700	44.230	-76.500
Chicoutimi-jonquiere	109800	48.430	-71.080
Sudbury	108300	46.490	-81.010
Thunder bay	102800	48.420	-89.280
Saint john	88700	45.290	-66.060
Brantford	88300	43.150	-80.260
Moncton	88300	46.090	-64.780
Sarnia	81900	42.990	-82.400
Nanaimo	81200	49.210	-123.970
Kanata	79300	45.340	-75.880
Peterborough	75900	44.300	-78.340
Red deer	71800	52.270	-113.830
Saint-jean-sur-richelieu	71300	45.310	-73.260
Lethbridge	70100	49.690	-112.830
Kamloops	68500	50.680	-120.340
Sault sainte marie	66700	46.530	-84.350
White rock	66400	49.030	-122.830
Prince george	66300	53.910	-122.770
Belleville	64500	44.170	-77.380
Medicine hat	60300	50.040	-110.690
Drummondville	59300	45.890	-72.490
Saint-jerome	54700	45.780	-74.000
Granby	53800	45.410	-72.730
Fredericton	52800	45.960	-66.660
Chilliwack	51900	49.170	-121.960
North bay	51700	46.300	-79.450
Cornwall	49300	45.030	-74.740
Shawinigan	49000	46.560	-72.750
Saint-hyacinthe	48400	45.630	-72.960
Chatham	45100	42.410	-82.190
Vernon	43400	50.270	-119.280
Beloeil	42900	45.550	-73.230
Wood buffalo	40600	56.740	-111.430
Charlottetown	39900	46.240	-63.140
