Zurich	347900	47.380	8.540
Geneve	181200	46.210	6.140
Basel	164700	47.570	7.580
Bern	123300	46.950	7.440
Lausanne	118000	46.520	6.620
Winterthur	91700	47.510	8.720
Sankt gallen	71600	47.440	9.360
Luzern	57800	47.060	8.300
Biel	49700	47.150	7.240
Thun	41200	46.770	7.620
La chaux-de-fonds	37100	47.110	6.820
Koniz	36600	46.940	7.420
Schaffhausen	34200	47.710	8.620
Fribourg	33400	46.810	7.140
Chur	32300	46.860	9.530
Neuchatel	31600	47.010	6.920
Vernier	29900	46.230	6.060
Uster	29400	47.360	8.710
Sion	28100	46.250	7.350
Emmen	27300	47.090	8.300
Lancy	26800	46.190	6.120
Lugano	26300	46.010	8.940
Kriens	25800	47.030	8.270
Zug	24000	47.180	8.520
Yverdon	23800	46.790	6.630
Montreux	23300	46.450	6.880
Dubendorf	23000	47.400	8.630
Dietikon	22400	47.420	8.390
Frauenfeld	22400	47.560	8.890
Riehen	20500	47.590	7.640
Baar	20400	47.200	8.510
Meyrin	19700	46.230	6.060
Wadenswil	19600	47.240	8.660
Wetzikon	19300	47.330	8.790
Carouge	19000	46.190	6.130
Reinach	18700	47.500	7.580
Allschwil	18600	47.550	7.530
Wettingen	18500	47.470	8.310
Horgen	18000	47.270	8.600
Kloten	17700	47.460	8.580
Renens	17700	46.540	6.580
Jona	17600	47.250	8.850
Gossau	17200	47.430	9.250
Kreuzlingen	17200	47.660	9.170
Wil	17100	47.470	9.030
Bellinzona	17000	46.200	9.020
Muttenz	16800	47.520	7.640
Nyon	16800	46.390	6.210
Onex	16800	46.180	6.090
Olten	16700	47.370	7.900
Baden	16600	47.480	8.310
Pully	16500	46.520	6.640
Littau	16400	47.050	8.250
Thalwil	16300	47.310	8.560
Adliswil	16200	47.320	8.510
Grenchen	16200	47.200	7.390
Vevey	16000	46.470	6.820
Monthey	15600	46.270	6.930
Regensdorf	15600	47.430	8.480
Herisau	15500	47.400	9.280
