Shanghai	13278500	31.230	121.470
Beijing	7209900	39.930	116.400
Wuhan	4104300	30.580	114.270
Chengdu	4064700	30.670	104.070
Tianjin	3945900	39.130	117.200
Shenyang	3527800	41.800	123.450
Xian	3480600	34.270	108.900
Chongqing	3378900	29.570	106.580
Guangzhou	3244900	23.120	113.250
Harbin	3129300	45.750	126.650
Nanjing	2870200	32.050	118.780
Taiyuan	2690500	37.870	112.550
Changchun	2337000	43.870	125.350
Zhengzhou	2052700	34.750	113.670
Jiulong	2040200	22.320	114.170
Jinan	1961500	36.670	117.000
Dalian	1925200	38.920	121.650
Changsha	1891000	28.200	112.970
Hangzhou	1881500	30.250	120.170
Shijiazhuang	1683800	38.050	114.480
Nanchang	1657900	28.680	115.880
Jilin	1625700	43.850	126.550
Tangshan	1600600	37.330	114.730
Qingdao	1584300	36.070	120.320
Urumqi	1424300	43.800	87.580
Luoyang	1417200	34.680	112.470
Xinyang	1412300	32.130	114.070
Lanzhou	1409200	36.050	103.680
Fushun	1409000	41.870	123.880
Hefei	1362900	31.850	117.280
Xianggangdao	1345800	22.270	114.140
Baotou	1226600	40.600	110.050
Anshan	1226200	41.120	122.950
Shantou	1221300	23.370	116.670
Guiyang	1160700	26.580	106.720
Suzhou	1150200	31.300	120.620
Handan	1129800	36.580	114.480
Fuzhou	1120200	26.080	119.300
Xuzhou	1099200	34.270	117.180
Datong	1053600	40.080	113.300
Wuxi	1010500	31.580	120.300
Xianyang	976200	34.370	108.700
Kunming	967900	25.050	102.700
Benxi	918900	41.330	123.750
Changzhou	917400	31.780	119.970
Pingdingshan	906700	33.730	113.300
Baoding	888100	38.870	115.480
Nanning	880400	22.820	108.320
Wenzhou	867200	28.020	120.650
Qiqihar	860000	47.350	124.000
Huainan	859300	32.630	116.980
Huaibei	808100	33.950	116.750
Xining	782700	36.620	101.770
Hengyang	780700	26.970	112.350
Hohhot	762700	40.820	111.640
Anyang	759900	36.080	114.350
Xinxiang	757800	35.320	113.870
Shenzhen	752200	22.530	114.130
Liuzhou	748200	24.280	109.250
Zhaotong	742400	27.320	103.720
