Abidjan	3548400	5.330	-4.030
Bouake	569200	7.690	-5.030
Daloa	213400	6.890	-6.450
Yamoussoukro	192100	6.820	-5.280
Korhogo	175100	9.450	-5.650
Divo	167500	5.850	-5.370
San-pedro	162500	4.770	-6.640
Anyama	146500	5.500	-4.050
Man	143800	7.400	-7.550
Gagnoa	132100	6.150	-5.880
Abengourou	105700	6.730	-3.490
Dabou	91700	5.320	-4.390
Bouafle	86700	6.980	-5.750
Grand bassam	86300	5.200	-3.750
Dimbokro	85200	6.650	-4.710
Agboville	82900	5.940	-4.280
Sinfra	80000	6.620	-5.920
Bingerville	79600	5.360	-3.900
Danane	77100	7.260	-8.160
Bondoukou	75300	8.030	-2.800
Ferkessedougou	72500	9.600	-5.200
Katiola	72100	8.150	-5.110
Issia	70900	6.490	-6.590
Oume	64100	6.380	-5.430
Odienne	60500	9.510	-7.580
Toumodi	58500	6.550	-5.030
Adzope	58200	6.100	-3.870
Soubre	57500	5.790	-6.610
Duekoue	56300	6.740	-7.350
Seguela	53600	7.950	-6.670
Agnibilekrou	47700	7.130	-3.200
Daoukro	44200	7.060	-3.960
Aboisso	42800	5.470	-3.200
Tiassale	40900	5.880	-4.830
Akoupe	40600	6.380	-3.900
Lakota	39100	5.850	-5.690
Tingrela	38600	10.490	-6.400
Guiglo	38500	6.550	-7.490
Boundiali	38200	9.530	-6.490
Bonoua	37500	5.280	-3.610
Arrah	37200	6.670	-3.970
Zuenoula	33900	7.440	-6.050
Vavoua	30700	7.380	-6.490
Affery	29900	6.320	-3.950
Bongouanou	28300	6.650	-4.200
Hire	27300	6.190	-5.290
Mbatto	27300	6.460	-4.370
Touba	27000	8.290	-7.690
Ouragahio	24500	6.320	-5.940
Bouna	23200	9.270	-3.000
Sassandra	22900	4.950	-6.080
Ndouci	22700	5.870	-4.770
Biankouma	22500	7.740	-7.620
Tanda	19800	7.800	-3.170
Tiebissou	19200	7.160	-5.290
Tabou	19100	4.420	-7.360
Beoumi	18800	7.680	-5.580
Mankono	18800	8.060	-6.190
Bangolo	17400	7.020	-7.480
Adiake	16900	5.280	-3.300
