Douala	1310400	4.060	9.710
Yaounde	1187100	3.870	11.520
Garoua	411100	9.300	13.390
Kousseri	333300	12.080	15.030
Bamenda	327000	5.960	10.150
Maroua	299600	10.580	14.330
Ngaoundere	185700	7.320	13.580
Bafoussam	180200	5.490	10.410
Bertoua	152800	4.580	13.680
Loum	137100	4.720	9.730
Kumba	135600	4.640	9.440
Nkongsamba	124200	4.960	9.940
Kaele	115200	10.120	14.450
Edea	112300	3.800	10.120
Mokolo	108200	10.750	13.810
Foumban	106400	5.730	10.900
Mbouda	93700	5.640	10.250
Kumbo	92700	6.220	10.680
Meiganga	82000	6.520	14.290
Limbe	80200	4.020	9.190
Djang	76800	5.460	10.050
Guider	71800	9.930	13.940
Bana	71500	5.150	10.260
Foumbot	71300	5.520	10.630
Mbalmayo	69900	3.520	11.500
Ebolowa	67400	2.930	11.140
Bafang	65300	5.170	10.180
Bafia	62500	4.750	11.230
Buea	61300	4.160	9.230
Yagoua	59200	10.350	15.240
Wum	56000	6.400	10.070
Bangangte	52900	5.150	10.510
Mora	49500	11.040	14.140
Ndop	45900	6.070	10.470
Sangmelima	44800	2.940	11.970
Mutengene	43500	4.080	9.280
Batouri	43400	4.430	14.360
Garoua boula„è	42500	5.890	14.550
Banyo	42300	6.750	11.810
Fundong	42100	6.250	10.270
Tiko	41700	4.080	9.370
Mbanga	39900	4.510	9.570
Kribi	39800	2.940	9.910
Fontem	36600	5.470	9.880
Yokadouma	35800	3.510	15.050
Mamfe	35600	5.780	9.290
Manjo	35300	4.850	9.820
Tibati	35200	6.470	12.620
Bali	32500	5.900	10.010
Lomie	32200	3.160	13.620
Melong	31300	5.120	9.940
Moloundou	27400	2.050	15.200
Yabassi	25000	4.470	9.970
Akonolinga	24900	3.770	12.250
Dibombari	21400	4.170	9.670
Eseka	21100	3.650	10.770
Idenao	20900	4.240	8.980
Obala	20000	4.170	11.530
Bogo	19900	10.740	14.600
Nanga eboko	19700	4.670	12.370
