Kinshasa	6789900	-4.310	15.320
Lubumbashi	1138000	-11.660	27.480
Mbuji-mayi	971200	-6.130	23.590
Kolwezi	861800	-10.700	25.660
Kananga	576600	-5.890	22.400
Kisangani	536000	0.530	25.190
Likasi	396500	-10.980	26.730
Boma	375500	-5.850	13.050
Tshikapa	357000	-6.410	20.770
Bukavu	245800	-2.510	28.840
Matadi	235400	-5.820	13.480
Kikwit	233700	-5.030	18.810
Uvira	221400	-3.370	29.140
Mwene-ditu	217800	-7.000	23.440
Mbandaka	217000	0.040	18.260
Butembo	160600	0.130	29.280
Goma	160200	-1.690	29.220
Isiro	143900	2.760	27.620
Bunia	140300	1.560	30.240
Gemena	128600	3.260	19.770
Kindu	126700	-2.950	25.920
Bandundu	124600	-3.310	17.380
Ilebo	112600	-4.320	20.610
Kalemie	109900	-5.920	29.170
Beni	105100	0.490	29.450
Gandajika	96900	-6.740	23.960
Bumba	91800	2.190	22.460
Mbanza-ngungu	90900	-5.250	14.860
Kipushi	87600	-11.760	27.250
Kamina	74400	-8.730	25.010
Lisala	73900	2.140	21.510
Lodja	71300	-3.490	23.420
Binga	63300	2.400	20.420
Kabinda	61600	-6.130	24.480
Kasongo	53800	-4.450	26.660
Kalima	53700	-2.510	26.430
Mweka	53300	-4.840	21.570
Gbadolite	53200	4.290	21.020
Bulungu	51000	-4.550	18.600
Buta	48400	2.820	24.740
Basoko	46300	1.240	23.590
Lusambo	43300	-4.970	23.430
Nioki	42900	-2.720	17.680
Inongo	42300	-1.940	18.280
Tshela	40900	-4.970	12.930
Mangai	39200	-4.040	19.530
Kenge	39000	-4.830	16.900
Bukama	38600	-9.210	25.840
Yangambi	37700	0.770	24.430
Manono	37400	-7.300	27.450
Aketi	37300	2.740	23.780
Luebo	37000	-5.350	21.410
Kambove	36500	-10.870	26.600
Lubao	34900	-5.390	25.750
Mushie	34900	-3.020	16.920
Kabare	34500	-2.460	28.810
Boende	33800	-0.220	20.860
Kampene	32400	-3.600	26.670
Yakoma	32100	4.110	22.440
Kongolo	31800	-5.380	26.980
