Brazzaville	1207000	-4.250	15.260
Pointe noire	561200	-4.770	11.870
Loubomo	92700	-4.180	12.670
Nkayi	88600	-4.180	13.280
Mossendjo	28300	-2.940	12.720
Owando	24300	-0.480	15.920
Ouesso	23600	1.610	16.050
Kinkala	17400	-4.350	14.760
Loandjili	17000	-4.750	11.860
Sibiti	16400	-3.690	13.350
Djambala	16300	-2.540	14.750
Ngamaba-mfilou	14900	-4.250	11.990
Impfondo	13200	1.640	18.040
Ewo	12500	-0.880	14.820
Madingou	9300	-4.150	13.550
Matsanga	9200	-1.880	12.680
Dongou	8200	2.030	18.050
Mossaka	7800	-1.220	16.800
Makoua	7400		15.640
Gamboma	6300	-1.880	15.850
Sembe	6000	1.640	14.580
Mindouli	5900	-4.270	14.360
Kelle	4800	-0.070	14.500
Kibangou	3700	-3.450	12.350
Epena	3100	1.370	17.480
Boko	3000	-4.780	14.630
Komomo	3000	-3.280	13.230
Zanaga	3000	-2.850	13.820
Ikelemba	1600	1.240	16.520
Loudima	1500	-4.110	13.080
Souanke	1100	2.060	14.130
