Bogota	6981500	4.630	-74.090
Cali	2333000	3.420	-76.510
Medellin	1983300	6.250	-75.590
Barranquilla	1358800	11.000	-74.820
Cartagena	925600	10.400	-75.500
Cucuta	699600	7.910	-72.510
Bucaramanga	561200	7.130	-73.140
Pereira	428800	4.810	-75.680
Santa marta	415600	11.260	-74.190
Ibague	415400	4.450	-75.240
Bello	379900	6.330	-75.570
Pasto	372500	1.200	-77.280
Manizales	355900	5.060	-75.520
Neiva	341800	2.940	-75.270
Soledad	333700	10.920	-74.750
Villavicencio	312400	4.150	-73.640
Armenia	309800	4.530	-75.690
Soacha	304600	4.580	-74.220
Valledupar	299000	10.480	-73.250
Itagui	269300	6.170	-75.620
Monteria	267600	8.750	-75.890
Sincelejo	252700	9.290	-75.380
Floridablanca	245900	7.070	-73.100
Palmira	245200	3.550	-76.300
Buenaventura	238800	3.890	-77.040
Popayan	215800	2.420	-76.610
Barrancabermeja	189600	7.090	-73.880
Dos quebradas	175900	4.860	-75.670
Tulua	163700	4.090	-76.210
Envigado	157000	6.160	-75.610
Cartago	134000	4.760	-75.920
Girardot	126500	4.310	-74.810
Florencia	126000	1.610	-75.620
Maicao	125100	11.390	-72.240
Sogamoso	121900	5.720	-72.940
Buga	117400	3.910	-76.300
Tunja	116200	5.550	-73.370
Giron	104000	7.070	-73.170
Malambo	98400	10.880	-74.770
Magangue	96800	9.230	-74.740
Riohacha	92200	11.550	-72.900
Facatativa	91600	4.820	-74.360
Duitama	89800	5.830	-73.040
Zipaquira	88400	5.030	-74.010
Cienaga	87100	11.010	-74.260
Fusagasuga	85800	4.340	-74.370
Tumaco	84100	1.810	-78.810
Piedecuesta	83400	6.990	-73.050
Apartado	83200	7.890	-76.640
Ocana	81900	8.240	-73.350
La dorada	80300	5.470	-74.670
Ipiales	76700	0.830	-77.650
Quibdo	74800	5.690	-76.660
Aguachica	71300	8.310	-73.620
Yumbo	70700	3.590	-76.470
Arauca	66400	7.080	-70.760
Chinchina	66300	4.980	-75.620
Sabanalarga	66200	10.640	-74.920
Caldas	63600	6.110	-75.650
Villa del rosario	63200	7.840	-72.470
