Praha	1157800	50.080	14.430
Brno	376200	49.200	16.610
Ostrava	316700	49.830	18.270
Plzen	165300	49.750	13.370
Olomouc	102600	49.610	17.250
Liberec	99100	50.780	15.060
Ceske budejovice	97300	48.980	14.460
Hradec kralove	97200	50.220	15.820
Usti	95400	50.670	14.020
Pardubice	90700	50.030	15.770
Havirov	85900	49.790	18.430
Zlin	80900	49.230	17.650
Kladno	71100	50.150	14.090
Most	68300	50.510	13.630
Karvina	65100	49.860	18.540
Frydek-mistek	61400	49.690	18.330
Opava	61400	49.940	17.890
Karlovy vary	53400	50.240	12.870
Decin	52500	50.780	14.190
Teplice	51100	50.650	13.820
Chomutov	51000	50.460	13.390
Jihlava	50700	49.400	15.580
Prerov	48300	49.480	17.500
Prostejov	48200	49.480	17.120
Jablonec	45300	50.730	15.160
Mlada boleslav	44300	50.420	14.900
Ceska lipa	39300	50.690	14.530
Trebic	39000	49.220	15.870
Trinec	39000	49.690	18.660
Tabor	36600	49.420	14.660
Pribram	35900	49.690	13.990
Znojmo	35800	48.860	16.060
Orlova	34900	49.850	18.400
Cheb	32900	50.080	12.350
Trutnov	32000	50.570	15.900
Kolin	30300	50.030	15.190
Pisek	29800	49.310	14.140
Sumperk	29500	49.970	16.970
Kromeriz	29200	49.300	17.380
Vsetin	29200	49.350	17.990
Valasske mezirici	27600	49.480	17.970
Hodonin	27400	48.860	17.120
Litvinov	27400	50.610	13.600
Novy jicin	27000	49.600	17.990
Uherske hradiste	26900	49.080	17.440
Breclav	26700	48.760	16.890
Cesky tesin	26400	49.750	18.620
Krnov	25800	50.090	17.680
Sokolov	25100	50.190	12.630
Litomerice	24900	50.540	14.120
Havlickuv brod	24400	49.610	15.580
Zd'ar	24300	49.560	15.930
Chrudim	23900	49.950	15.790
Strakonice	23800	49.260	13.910
Koprivnice	23700	49.600	18.140
Bohumin	23300	49.900	18.360
Klatovy	23000	49.400	13.290
Jindrichuv hradec	22700	49.150	14.990
Vyskov	22500	49.280	17.000
Kutna hora	21500	49.950	15.270
