Berlin	3396300	52.520	13.380
Hamburg	1731200	53.550	10.000
Munchen	1241100	48.140	11.580
Koln	969500	50.950	6.970
Frankfurt	646000	50.120	8.680
Dortmund	592200	51.510	7.480
Stuttgart	590500	48.790	9.190
Essen	581600	51.470	7.000
Dusseldorf	572900	51.240	6.790
Bremen	545000	53.080	8.810
Hannover	516300	52.400	9.730
Duisburg	506700	51.430	6.750
Nurnberg	495600	49.450	11.050
Leipzig	494700	51.350	12.400
Dresden	480000	51.050	13.740
Bochum	388200	51.480	7.200
Wuppertal	362800	51.260	7.180
Bielefeld	323700	52.030	8.530
Bonn	311000	50.730	7.100
Mannheim	309600	49.500	8.470
Karlsruhe	283000	49.000	8.400
Gelsenkirchen	273900	51.510	7.110
Wiesbaden	272100	50.080	8.230
Munster	270200	51.960	7.620
Monchengladbach	263300	51.200	6.420
Augsburg	260600	48.360	10.890
Chemnitz	249900	50.830	12.920
Aachen	249200	50.770	6.090
Braunschweig	245600	52.270	10.510
Krefeld	239000	51.330	6.550
Halle	236000	51.480	11.960
Kiel	234300	54.320	10.120
Magdeburg	226200	52.130	11.620
Oberhausen	220600	51.470	6.860
Lubeck	213500	53.870	10.660
Freiburg	211900	47.990	7.850
Hagen	200600	51.370	7.460
Erfurt	199300	50.990	11.030
Rostock	197200	54.090	12.100
Kassel	193900	51.320	9.480
Mainz	186800	50.000	8.260
Hamm	185200	51.670	7.800
Saarbrucken	182300	49.250	6.970
Herne	173500	51.540	7.210
Mulheim	172100	51.430	6.860
Osnabruck	165000	52.280	8.050
Solingen	164600	51.180	7.060
Ludwigshafen	162500	49.480	8.440
Leverkusen	160000	51.040	6.990
Oldenburg	158600	53.150	8.210
Neuss	151500	51.200	6.690
Heidelberg	143600	49.420	8.690
Paderborn	142300	51.720	8.740
Darmstadt	139400	49.870	8.640
Wurzburg	132900	49.800	9.940
Potsdam	131900	52.400	13.070
Regensburg	128800	49.020	12.110
Recklinghausen	124300	51.610	7.190
Gottingen	123100	51.530	9.920
Wolfsburg	122800	52.430	10.780
