Kobenhavn	1089700	55.680	12.570
Arhus	224400	56.160	10.210
Odense	145600	55.400	10.380
Aalborg	121500	57.030	9.930
Esbjerg	72500	55.470	8.450
Gentofte	68000	55.450	12.330
Randers	56000	56.470	10.040
Kolding	54900	55.490	9.470
Vejle	50300	55.710	9.520
Horsens	49700	55.860	9.840
Roskilde	44000	55.650	12.090
Greve strand	41600	55.580	12.300
Naestved	40300	55.230	11.760
Silkeborg	38400	56.160	9.550
Fredericia	36900	55.580	9.760
Horsholm	36300	55.880	12.500
Helsingor	35000	56.040	12.600
Koge	33700	55.450	12.180
Viborg	33400	56.460	9.410
Holstebro	31900	56.360	8.620
Slagelse	31800	55.410	11.340
Taastrup	31000	55.650	12.320
Herning	30000	56.130	8.970
Hillerod	28300	55.930	12.300
Svendborg	27500	55.070	10.600
Sonderborg	26900	54.920	9.800
Hjorring	24700	57.460	9.980
Frederikshavn	24300	57.450	10.530
Holbaek	24300	55.720	11.710
Haderslev	20900	55.260	9.480
Skive	20800	56.570	9.020
Ishoj	19500	55.620	12.320
Birkerod	19000	55.830	12.430
Ringsted	18600	55.450	11.790
Nykobing	16800	54.770	11.870
Aabenraa	16300	55.050	9.420
Kalundborg	15800	55.680	11.100
Nyborg	15800	55.320	10.800
Lillerod	15400	55.870	12.370
Korsor	15000	55.340	11.130
Ikast	14600	56.140	9.160
Solrod	14600	55.530	12.180
Frederikssund	14500	55.830	12.070
Grenaa	14300	56.420	10.880
Nakskov	14300	54.830	11.150
Ronne	13900	55.100	14.700
Middelfart	13400	55.500	9.750
Skanderborg	13300	56.040	9.910
Stenlose	13200	55.770	12.200
Thisted	12900	56.960	8.690
Varde	12800	55.630	8.480
Vaerlose	12500	55.780	12.350
Frederiksvaerk	12000	55.970	12.030
Farum	11800	55.800	12.370
Bronderslev	11600	57.270	9.970
Espergaerde	11400	56.000	12.570
Struer	11300	56.480	8.620
Flong	11100	55.670	12.180
Dragor	11000	55.600	12.680
Hobro	11000	56.630	9.800
