Al-qahirah	7609700	30.060	31.250
Al-iskandariyah	3745800	31.220	29.950
Al-jizah	2566100	30.010	31.210
Subra al-hì±aymah	1000100	30.110	31.250
Bur saê¿id	528300	31.260	32.290
As-suways	477200	29.980	32.540
Al-mahì¨allah al-kubra	447000	30.970	31.170
Al-mansurah	422300	31.040	31.380
Tanta	419400	30.790	31.000
Al-uqsur	413300	25.700	32.650
Asyut	409700	27.190	31.180
Az-zaqaziq	311500	30.580	31.500
Al-fayyum	310200	29.310	30.840
Al-ismailiyah	299600	30.590	32.260
Kafr-ad-dawwar	267600	31.130	30.120
Aswan	246500	24.080	32.920
Damanhur	244700	31.040	30.470
Al-minya	240400	28.090	30.750
Bani suwayf	203600	29.080	31.090
Sawhaj	202700	26.550	31.690
Qina	201300	26.150	32.720
Sibin-al-kawm	183300	30.560	31.000
Banha	167500	30.470	31.180
Mallawi	142400	27.730	30.840
Kafr-as-sayhì±	142300	31.110	30.930
Bilbays	132400	30.430	31.560
Al-ê¿aris	119700	31.130	33.800
Mit ä amr	116300	30.710	31.270
Jirja	113600	26.330	31.880
Qalyub	111600	30.180	31.200
Talhì±a	111600	31.050	31.370
Idfu	110700	24.980	32.870
Al-hì¨awamidiyah	105900	29.900	31.250
Disuq	104100	31.130	30.640
Idku	101300	31.310	30.300
Ahì±mim	101000	26.560	31.750
Bilqas	100900	31.220	31.350
Al-matariyah	99500	31.170	32.020
Abu kabir	99400	30.730	31.670
Dikirnis	97300	31.080	31.600
Zifta	91400	30.700	31.250
Dumyat	90800	31.420	31.820
Samalut	90100	28.300	30.710
Minuf	89200	30.470	30.920
Tahta	88100	26.760	31.500
Nasir	83500	29.150	31.130
As-sinbillawayn	83100	30.880	31.450
Sinnuris	81300	29.490	30.850
Hì¨aws ê¿isa	79500	30.900	30.290
Asmun	78900	30.430	31.030
Manfalut	77500	27.320	30.970
Armant	77100	25.720	32.590
Kafr-az-zayyat	74600	30.820	30.820
Maä aä ah	72100	28.650	30.840
Abu tij	70900	27.050	31.310
Al-manzilah	70300	31.160	31.930
Al-ä ardaqah	70200	27.230	33.830
Tima	69500	26.940	31.300
Isna	67700	25.290	32.550
Abnub	67400	27.270	31.150
