Asmara	407500	15.330	38.940
Asseb	57600	13.010	42.740
Keren	38700	15.680	38.450
Mitsiwa	31700	15.610	39.440
Edd	18100	13.930	41.690
Addi ugri	18000	14.890	38.820
Barentu	15900	15.120	37.590
Addi k'eyih	12900	14.850	39.370
Ginda	11400	15.450	39.090
Mersa fatma	11400	14.910	40.310
Beylul	11100	13.270	42.330
Dek'emhare	10800	15.070	39.040
Ak'ordat	8700	15.560	37.880
Himbirti	8700	15.270	38.730
Nefasit	8600	15.330	39.070
Addi kwala	6700	14.640	38.830
Sen'afe	5900	14.690	39.420
Teseney	3700	15.120	36.650
