Tallinn	396000	59.440	24.740
Tartu	101200	58.380	26.710
Narva	67300	59.380	28.190
Kohtla-jarve	46400	59.400	27.250
Parnu	44500	58.380	24.510
Viljandi	20400	58.370	25.600
Rakvere	16800	59.360	26.360
Sillamae	16800	59.410	27.750
Maardu	16600	59.490	25.010
Kuressaare	14900	58.260	22.480
Voru	14700	57.850	27.010
Valga	14000	57.780	26.050
Haapsalu	11900	58.950	23.540
Johvi	11600	59.360	27.420
Paide	9700	58.900	25.550
Keila	9500	59.310	24.410
Kivioli	7100	59.360	26.980
Tapa	6600	59.270	25.960
Polva	6500	58.050	27.060
Jogeva	6400	58.760	26.410
Turi	6200	58.820	25.430
Elva	5900	58.230	26.400
Rapla	5700	59.010	24.800
Saue	5000	59.320	24.550
Poltsamaa	4800	58.660	25.980
Saku	4600	59.300	24.660
Paldiski	4200	59.340	24.090
Laagri	4100	59.350	24.600
Sindi	4100	58.410	24.660
Kardla	3800	59.000	22.750
Kunda	3800	59.500	26.540
Loksa	3500	59.580	25.720
Rummu	3500	59.540	24.800
Kohila	3400	59.170	24.760
Kehra	3200	59.340	25.320
Marjamaa	3100	58.900	24.430
Torva	3100	58.010	25.930
Rapina	2900	58.100	27.460
Narva-joesuu	2800	59.460	28.040
Juri	2600	59.360	24.900
Tamsalu	2600	59.160	26.120
Vandra	2600	58.650	25.040
Kadrina	2400	59.330	26.150
Kilingi-nomme	2200	58.150	24.960
Kose	2200	59.460	24.880
Loo	2200	59.440	24.950
Otepaa	2200	58.060	26.490
Tabasalu	2200	59.430	24.530
Vaike-maarja	2200	59.130	26.250
Haabneeme	2100	59.510	24.810
Karksi-nuia	2000	58.100	25.560
Paikuse	2000	58.380	24.630
Arukula	1800	59.360	25.080
Aseri	1800	59.450	26.870
Pussi	1800	59.360	27.050
Mustvee	1700	58.860	26.940
Viimsi	1700	59.500	24.840
Kehtna	1600	58.930	24.880
Torvandi	1600	58.320	26.070
Vohma	1600	58.620	25.550
