Addis abeba	2763500	9.030	38.740
Dire dawa	254500	9.590	41.860
Nazret	176800	8.550	39.270
Gondar	147900	12.610	37.460
Mek'ele	133500	13.500	39.470
Bahir dar	131800	11.560	37.370
Dese	126300	11.130	39.630
Jimma	117600	7.680	36.830
Harer	99600	9.310	42.130
Awassa	99100	7.060	38.470
Debre zeyit	98700	8.750	38.990
Shashemenne	88500	7.200	38.590
Arba minch	73200	6.040	37.550
Kembolcha	70900	11.080	39.740
Addigrat	66000	14.280	39.470
Nek'emte	64600	9.090	36.530
Debre mark'os	63600	10.340	37.720
Assela	61300	7.950	39.140
Hossa'ina	54300	7.550	37.850
Soddo	53800	6.900	37.750
Debre birhan	52500	9.680	39.530
Dilla	45100	6.410	38.310
Goba	45000	7.010	39.970
Alamat'a	42700	12.420	39.560
Endasilasie	42200	14.100	38.280
Hagere hiywet	41400	8.980	37.850
Negele	40400	5.340	39.560
Jijiga	40200	9.350	42.790
Aksum	39600	14.130	38.720
Adwa	39000	14.190	38.880
Negele	37600	7.360	38.670
Giyon	37000	8.530	37.970
Weldiya	36300	11.830	39.590
Robe	35400	7.860	39.630
Yirga alem	35000	6.750	38.410
Agaro	33100	7.850	36.650
Mek'i	33100	8.150	38.820
Mojo	32700	8.600	39.120
Debre tabor	31900	11.860	38.010
Metu	31100	8.300	35.580
K'obo	30400	12.160	39.630
Gimbi	30200	9.180	35.830
Butajira	29500	8.120	38.370
Asbe teferi	28500	9.090	40.860
Kibre mengist	27700	5.880	38.980
Maych'ew	27100	12.780	39.540
Fiche	26900	9.800	38.730
Ziway	26900	7.930	38.710
Dembi dolo	26700	8.530	34.790
Mott'a	25000	11.080	37.870
Dubti	24800	11.740	41.080
Gambela	24500	8.250	34.590
Chagni	23800	10.950	36.500
Holeta genet	23400	9.070	38.500
Korem	22700	12.500	39.530
Dangla	21800	11.250	36.600
Sawla	21100	6.300	36.880
Shakiso	21100	5.750	38.910
Wik'ro	21100	13.790	39.590
Asayita	20800	11.560	41.440
