Helsinki	562400	60.170	24.940
Espoo	227400	60.210	24.660
Tampere	202700	61.520	23.760
Vantaa	185900	60.290	25.040
Turku	175800	60.450	22.250
Oulu	127600	65.020	25.470
Lahti	98600	60.990	25.660
Kuopio	88500	62.900	27.700
Jyvaskyla	83300	62.260	25.750
Pori	76100	61.490	21.770
Lappeenranta	59100	61.060	28.180
Vaasa	57000	63.100	21.610
Kotka	54400	60.470	26.930
Joensuu	52800	62.610	29.780
Hameenlinna	47100	61.000	24.450
Porvoo	46500	60.390	25.660
Mikkeli	46100	61.700	27.260
Hyvinkaa	43600	60.640	24.870
Jarvenpaa	37500	60.480	25.100
Rauma	36700	61.130	21.520
Rovaniemi	36600	66.490	25.700
Lohja	36300	60.250	24.080
Kokkola	35600	63.840	23.120
Kajaani	35400	64.230	27.730
Tuusula	32500	60.400	25.030
Kerava	32200	60.410	25.110
Kouvola	32000	60.880	26.700
Kirkkonummi	31000	60.120	24.430
Imatra	30200	61.180	28.760
Nurmijarvi	29900	60.470	24.790
Seinajoki	28600	62.790	22.840
Savonlinna	28100	61.870	28.910
Nokia	27600	61.490	23.480
Riihimaki	26600	60.740	24.790
Vihti	25200	60.420	24.330
Salo	25100	60.390	23.130
Raisio	24200	60.490	22.180
Iisalmi	24100	63.570	27.180
Varkaus	23600	62.320	27.910
Kemi	23300	65.760	24.550
Tornio	22900	65.860	24.170
Kangasala	22700	61.470	24.080
Heinola	21900	61.210	26.030
Ylojarvi	21500	61.550	23.600
Hollola	21100	61.050	25.430
Kaarina	20800	60.420	22.420
Kuusankoski	20600	60.920	26.610
Valkeakoski	20600	61.270	24.030
Sillinjarvi	20400	63.080	27.660
Pietarsaari	19500	63.680	22.700
Forssa	18800	60.820	23.630
Kuusamo	18800	65.960	29.180
Raahe	18800	64.690	24.480
Mantsala	17700	60.650	25.300
Uusikaupunki	17600	60.800	21.410
Laukaa	17500	62.420	25.940
Anjalankoski	17300	60.690	26.800
Sipoo	17300	60.370	25.260
Mustasaari	16900	63.090	21.710
Lempaala	16700	61.320	23.740
