Suva	183000	-18.130	178.430
Lautoka	47100	-17.610	177.450
Nadi	33600	-17.800	177.420
Labasa	26300	-16.470	179.380
Nausori	23600	-18.020	178.530
Lami	20600	-18.110	178.410
Ba	16000	-17.550	177.690
Sigatoka	8600	-18.140	177.510
Vatukoula	7700	-17.500	177.850
Savusavu	5400	-16.780	179.340
Rakiraki	5300	-17.380	178.250
Navua	4600	-18.220	178.180
Levuka	4100	-17.680	178.820
Tavua	2600	-17.440	177.870
Deuba	1800	-18.250	177.900
Tubou	840	-18.230	-178.800
Navouvalu	645	-16.990	178.700
Korokade	512		
Seaqaqa	429	-16.540	179.140
Vunisea	368	-16.620	178.920
Korovou	346	-17.810	178.540
Malhaha	341	-12.520	177.090
Namosi	302	-18.030	178.130
