Paris	2107700	48.860	2.340
Marseille	826300	43.310	5.370
Lyon	443600	45.760	4.830
Toulouse	417400	43.620	1.450
Nice	329800	43.700	7.270
Nantes	285700	47.230	-1.570
Strasbourg	274700	48.580	7.760
Montpellier	231900	43.610	3.870
Bordeaux	217400	44.840	-0.580
Rennes	214200	48.110	-1.680
Le havre	189000	49.500	0.120
Reims	183900	49.250	4.030
Lille	180100	50.640	3.070
Saint-etienne	168600	45.430	4.390
Toulon	161600	43.130	5.920
Grenoble	156200	45.190	5.720
Angers	153800	47.480	-0.540
Brest	152000	48.390	-4.500
Le mans	149300	48.000	0.200
Dijon	146400	47.330	5.030
Aix-en-provence	139000	43.530	5.440
Clermont-ferrand	137300	45.780	3.080
Nimes	137200	43.840	4.350
Amiens	135800	49.900	2.300
Tours	133700	47.380	0.690
Limoges	131900	45.830	1.250
Metz	125300	49.120	6.180
Villeurbanne	121800	45.770	4.880
Besancon	118300	47.240	6.020
Caen	116800	49.190	-0.360
Orleans	112200	47.900	1.900
Mulhouse	111500	47.760	7.340
Perpignan	111400	42.700	2.890
Boulogne-billancourt	108500	48.830	2.240
Rouen	105100	49.440	1.080
Nancy	103100	48.690	6.170
Roubaix	95800	50.690	3.170
Tourcoing	92400	50.720	3.160
Argenteuil	90300	48.940	2.240
Avignon	87100	43.960	4.810
Montreuil	86600	48.860	2.430
Nanterre	86100	48.900	2.200
Poitiers	85900	46.580	0.340
Saint-denis	82000	48.940	2.360
Versailles	81200	48.810	2.140
Creteil	79700	48.790	2.450
Pau	79600	43.300	-0.390
La rochelle	79400	46.170	-1.180
Colombes	78400	48.930	2.250
Asnieres-sur-seine	77400	48.910	2.290
Calais	77200	50.950	1.860
Aulnay-sous-bois	76500	48.960	2.490
Vitry-sur-seine	76300	48.790	2.390
Rueil-malmaison	75000	48.890	2.170
Champigny-sur-marne	72000	48.820	2.510
Beziers	71200	43.350	3.210
Saint-maur-des-fosses	70900	48.800	2.490
Dunkerque	70400	51.040	2.340
Antibes	70100	43.600	7.120
Saint-nazaire	70000	47.280	-2.220
