Libreville	684800	0.390	9.450
Port-gentil	120600	-0.720	8.780
Masuku	42500	-1.630	13.600
Moanda	29800	-1.560	13.220
Oyem	24300	1.600	11.570
Makokou	16600	0.560	12.850
Mouila	16600	-1.880	11.000
Lambarene	16300	-0.700	10.210
Tchibanga	14500	-2.860	11.030
Koulamoutou	12600	-1.120	12.500
Bitam	10600	2.080	11.480
Gamba	9500	-2.650	10.000
Mounana	8700	-1.430	13.170
Ntoum	8500	0.380	9.780
Nkan	8400	0.390	9.750
Lastoursville	8300	-0.810	12.710
Okandja	7800	-0.700	13.790
Tsogni	7500	-2.790	10.110
Ndende	5900	-2.380	11.380
Booue	4700	-0.090	11.950
Fougamou	4200	-1.220	10.600
Ndjole	4000	-0.180	10.760
Sette cama	4000	-2.530	9.750
Mayumba	3900	-3.420	10.660
Mbigou	3600	-1.880	11.930
Mitzic	3600	0.790	11.550
Mekambo	3100	-1.020	13.930
Lekoni	2800	-1.580	14.230
Mimongo	2400	-1.630	11.650
Minvoul	2300	-2.150	12.130
Cocobeach	1600	0.990	9.600
Lalara	1600	0.370	11.470
Omboue	1600	-1.570	9.250
Kango	1500	-0.150	10.130
Medouneu	1500	-0.950	10.780
