London	7593300	51.520	-0.100
Glasgow	1081800	55.870	-4.270
Birmingham	1017700	52.480	-1.910
Liverpool	473100	53.420	-2.990
Edinburgh	452600	55.950	-3.220
Sheffield	428300	53.390	-1.480
Leeds	427900	53.810	-1.550
Bristol	417600	51.460	-2.600
Manchester	400500	53.480	-2.250
Leicester	325500	52.640	-1.130
Kingston upon hull	314900	53.750	-0.360
Coventry	300100	52.420	-1.500
Bradford	296300	53.800	-1.750
Cardiff	285300	51.480	-3.180
Nottingham	276900	52.970	-1.180
Stoke-on-trent	271900	53.010	-2.190
Wolverhampton	263200	52.590	-2.150
Plymouth	255700	50.380	-4.160
Belfast	248600	54.600	-5.930
Derby	233200	52.920	-1.500
Reading	228800	51.450	-0.980
Southampton	215900	50.910	-1.410
Dudley	200500	52.500	-2.080
Aberdeen	198200	57.150	-2.100
Newcastle upon tyne	190600	55.000	-1.600
Preston	188100	53.760	-2.730
Luton	184700	51.900	-0.440
Sunderland	183800	54.910	-1.390
Portsmouth	180100	50.810	-1.090
Walsall	178600	52.600	-1.970
Norwich	177100	52.650	1.280
Swansea	173100	51.630	-3.960
Bournemouth	166100	50.730	-1.880
Southend-on-sea	164500	51.550	0.710
Swindon	158300	51.570	-1.780
Dundee	155400	56.470	-3.000
Blackpool	150600	53.820	-3.060
Poole	150200	50.720	-1.980
Peterborough	149600	52.590	-0.250
West bromwich	147600	52.530	-1.970
Middlesbrough	147200	54.580	-1.230
Oldbury-smethwick	146600	52.510	-2.030
Huddersfield	146200	53.660	-1.800
Bolton	141000	53.580	-2.430
Stockport	135600	53.420	-2.170
Ipswich	134300	52.070	1.140
Motherwell	134000	55.790	-4.000
York	129000	53.960	-1.110
Oxford	124600	51.760	-1.260
Rotherham	124600	53.440	-1.350
Brighton	124500	50.830	-0.150
Gloucester	120900	51.860	-2.240
Watford	118100	51.660	-0.400
Newport	117200	51.590	-3.000
Slough	116000	51.520	-0.610
Basildon	111900	51.570	0.460
Sutton coldfield	110700	52.560	-1.840
Blackburn	107600	53.750	-2.490
Saint helens	106100	53.460	-2.750
Oldham	105700	53.550	-2.120
