Tbilisi	1066100	41.720	44.790
Kutaisi	183300	42.260	42.720
Batumi	116900	41.650	41.650
Rustavi	114700	41.550	45.030
Sukhumi	92300	43.010	41.000
Zugdidi	67900	42.500	41.860
Gori	48800	41.980	44.110
Poti	46400	42.150	41.660
Tskhinvali	34300	42.230	43.950
Khashuri	28200	41.990	43.600
Senaki	27700	42.270	42.060
Samtredia	27400	42.170	42.350
Zestaphoni	23900	42.110	43.010
Gagra	21800	43.340	40.240
Telavi	21500	41.920	45.470
Marneuli	19900	41.470	44.800
Tkvarcheli	18800	42.840	41.670
Ozurgeti	18700	41.930	41.990
Kobuleti	18600	41.820	41.780
Akhaltsikhe	17000	41.640	42.980
Tskaltubo	16600	42.330	42.600
Ochamchira	16500	42.720	41.460
Kaspi	15000	41.930	44.410
Tkibuli	14300	42.350	42.960
Chiatura	13600	42.290	43.270
Borjomi	13300	41.850	43.370
Gali	12700	42.630	41.730
Gudauta	12400	43.100	40.620
Sagarejo	12400	41.740	45.340
Gardabani	11700	41.470	45.080
Khoni	11100	42.320	42.420
Lentekhi	10700	42.790	42.730
Surami	10300	42.020	43.560
Gurjaani	9900	41.750	45.800
Gulripshi	9600	42.930	41.100
Bolnisi	9100	41.450	44.590
Akhalkalaki	9000	41.400	43.480
Kvareli	8900	41.950	45.800
Pitsunda	8900	43.150	40.350
Tsalenjikha	8900	42.570	42.050
Akhmeta	8500	42.040	45.200
Dioknisi	8100	41.650	42.390
Lanchkhuti	7800	42.080	42.030
Mtskheta	7600	41.840	44.700
Kazreti	7300	41.380	44.410
Dusheti	7200	42.090	44.700
Kareli	7200	42.020	43.890
Dedoplis tskaro	7100	42.040	44.450
Lagodekhi	6800	41.830	46.270
Sachkhere	6600	42.320	43.330
Tsnori	6400	41.620	45.960
Ninotsminda	6200	41.270	43.580
Abasha	6100	42.210	42.210
Agara	6000	42.040	43.810
Chakvi	5600	41.730	41.730
Martvili	5500	42.400	42.370
Shaumiani	5400	41.350	44.760
Terjola	5400	42.300	42.980
Khobi	5300	42.330	41.900
Kharagauli	5200	42.020	43.210
