Accra	1719100	5.560	-0.200
Kumasi	663100	6.690	-1.630
Tamale	290300	9.400	-0.840
Tema	263000	5.640	
Obuasi	132300	6.190	-1.660
Teshie	126100	5.590	-0.100
Bolgatanga	98300	10.790	-0.850
Koforidua	91100	6.090	-0.260
Takoradi	89600	4.890	-1.760
Sekondi	84400	4.940	-1.720
Sunyani	83900	7.340	-2.350
Ashiaman	82700	5.700	-0.330
Cape coast	79900	5.110	-1.250
Ho	74400	6.600	0.470
Wa	69800	10.060	-2.500
Bawku	68100	11.060	-0.240
Nkawkaw	54800	6.550	-0.780
Yendi	53400	9.440	-0.010
Tema new town	51100	5.680	0.070
Swedru	50200	5.540	-0.710
Agogo	49900	6.800	-1.080
Tafo	48000	6.730	-1.620
Nungua	47300	5.600	-0.070
Madina	46100	5.680	-0.170
Winneba	44000	5.350	-0.630
Techiman	41000	7.580	-1.940
Berekum	38100	7.450	-2.590
Asamankese	34300	5.860	-0.670
Hohoe	34100	7.150	0.470
Aflao	33900	6.110	1.120
Tarkwa	33800	5.300	-2.000
Nsawam	33200	5.810	-0.360
Mampong	32900	7.060	-1.410
Oda	32600	5.910	-1.000
Okitsiu	32200	5.650	-0.620
Suhum	31900	6.040	-0.450
Anloga	29900	5.790	0.900
Begoro	29600	6.380	-0.390
Wenchi	29300	7.740	-2.110
Savelugu	27700	9.620	-0.830
Elmina	27600	5.090	-1.350
Kpandu	25500	7.000	0.300
Dunkwa	23100	5.960	-1.790
Kintampo	22600	8.050	-1.730
Prestea	22600	5.440	-2.150
Apam	21800	5.290	-0.730
Axim	21300	4.870	-2.240
Mankranso	20800	6.820	-1.870
Somanya	20600	6.110	-0.110
Saltpond	20300	5.200	-1.060
Aburi	18700	5.850	-0.180
Salaga	18500	8.540	-0.520
Konongo	18200	6.620	-1.210
Shama	18200	5.000	-1.650
Foso	16900	5.700	-1.290
Kade	16600	6.090	-0.840
Navrongo	16300	10.890	-1.090
Ofinso	16300	6.910	-1.660
Bechem	13300	7.090	-2.030
Keta	13300	5.910	0.990
