Conakry	1851800	9.550	-13.670
Nzerekore	122100	7.760	-8.830
Kankan	113900	10.390	-9.310
Kindia	108000	10.060	-12.870
Mamou	94300	10.380	-12.100
Siguiri	92900	11.420	-9.180
Labe	89200	11.320	-12.300
Telimele	64300	10.910	-13.050
Kissidougou	55900	9.190	-10.120
Macenta	37500	8.550	-9.480
Tougue	30300	11.440	-11.670
Pita	23800	11.080	-12.410
Tondon	19600	10.370	-13.350
Kouroussa	16900	10.660	-9.890
Beyla	16700	8.700	-8.670
Boke	16600	10.940	-14.300
Koundara	16600	12.480	-13.300
Dabola	15500	10.750	-11.110
Dalaba	15200	10.660	-12.280
Forecariah	14700	9.430	-13.100
Dubreka	14300	9.800	-13.520
Lelouma	12800	11.260	-12.870
Mandiana	12600	10.630	-8.690
Koubia	11800	11.580	-11.900
Tokonou	11500	9.650	-9.790
Youkounkoun	11200	12.530	-13.130
Faranah	11100	10.040	-10.750
Fria	11100	10.380	-13.550
Sangueya	9200	10.690	-14.380
Gaoual	8800	11.760	-13.210
Kerouane	8600	9.270	-9.020
Dinguiraye	7200	11.300	-10.730
Mali	6500	12.080	-12.300
Yomou	4300	7.570	-9.270
Guekedou	3900	8.560	-10.150
Boffa	2800	10.180	-14.050
Lola	2400	7.790	-8.530
Coyah	1900	9.710	-13.390
