Serekunda	225500	13.450	-16.680
Brikama	81400	13.280	-16.660
Bakau	74700	13.490	-16.690
Banjul	36100	13.460	-16.600
Farafenni	31600	13.570	-15.610
Sukuta	24800	13.400	-16.710
Basse	17100	13.310	-14.230
Lamin	15900	13.370	-16.440
Gunjur	13500	13.200	-16.740
Mansakonko	11900	13.470	-15.550
Sabi	8700	13.240	-14.180
Bansang	8500	13.430	-14.650
Gambissara	8300	13.240	-14.320
Kuntaur	7800	13.650	-14.870
Brufut	7600	13.410	-16.780
Janjanbureh	7200	13.550	-14.770
Essau	6600	13.470	-16.540
Kerewan	6300	13.490	-16.100
Barra	5300	13.490	-16.570
Salikeni	3800	13.350	-14.020
