Athinai	762100	37.980	23.730
Thessaloniki	372100	40.640	22.940
Piraieus	179600	37.960	23.640
Patrai	164000	38.240	21.730
Peristerion	141000	38.020	23.700
Iraklion	133800	35.330	25.130
Larisa	127200	39.640	22.420
Kallithea	112100	37.950	23.700
Nikaia	95200	37.970	23.650
Kalamaria	89200	40.580	22.950
Volos	84300	39.370	22.950
Ilion	82700	38.030	23.710
Glifada	82200	37.870	23.750
Keratsinion	77800	37.960	23.620
Zografos	77800	37.980	23.770
Ilioupoli	77600	37.930	23.760
Akharnai	77000	38.080	23.730
Aigaleo	75700	37.980	23.680
Nea smirni	75600	37.950	23.720
Khalandrion	73300	38.030	23.800
Amarousion	71000	38.050	23.800
Koridallos	69000	37.990	23.650
Nea ionia	67500	38.030	23.750
Ayios dimitrios	66600	37.940	23.730
Palaion faliron	66200	37.930	23.700
Ioannina	63000	39.670	20.850
Viron	62500	37.970	23.750
Kavala	60000	40.940	24.400
Galatsion	59300	38.020	23.750
Ayia paraskevi	58100	38.010	23.830
Serrai	55500	41.090	23.550
Khalkis	54800	38.460	23.600
Khania	54600	35.510	24.020
Euosmon	53800	40.670	22.910
Rodos	53500	36.440	28.220
Katerini	51600	40.270	22.500
Kalamata	50300	37.040	22.110
Alexandroupoli	50000	40.850	25.870
Trikala	49800	39.560	21.770
Petroupoli	49400	38.050	23.680
Lamia	47400	38.900	22.430
Iraklion	47000	38.070	23.770
Khaidarion	46200	38.020	23.670
Xanthi	46100	41.140	24.880
Kifisia	44900	38.070	23.820
Komotini	44300	41.120	25.400
Veroia	43700	40.520	22.200
Drama	43400	41.150	24.140
Agrinion	43300	38.620	21.410
Sikeai	42700	40.650	22.950
Stauroupolis	42600	40.670	22.930
Ambelokipoi	41900	40.660	22.920
Kalamakion	38900	37.920	23.720
Polikhni	37000	40.660	22.950
Kozani	36000	40.300	21.790
Aryiroupoli	33900	37.900	23.750
Ayioi anaryiroi	33700	38.020	23.720
Kholargos	32900	38.000	23.800
Karditsa	32700	39.370	21.920
Nea ionia	31500	39.370	22.920
