Port-au-prince	1156400	18.540	-72.340
Carrefour	399100	18.530	-72.420
Delmas	338700	18.550	-72.280
Cap-ha„ètien	129500	19.760	-72.200
Petionville	98100	18.520	-72.290
Gona„èves	79500	19.450	-72.690
Saint-marc	60900	19.110	-72.700
Les cayes	58600	18.200	-73.750
Verrettes	36300	19.060	-72.460
Port-de-paix	32900	19.940	-72.840
Jeremie	31200	18.650	-74.120
Jacmel	29400	18.240	-72.540
Limbe	26200	19.710	-72.410
L'artibonite	22000	19.120	-72.480
Desdunes	15900	19.290	-72.600
Hinche	15700	19.150	-72.010
Dessalines	12400	19.260	-72.520
Saint-michel-de-l'atalaye	11900	19.370	-72.330
Trou-du-nord	11800	19.620	-72.020
Ouanaminthe	11400	19.550	-71.730
Petit goave	11400	18.430	-72.860
Saint-louis-du-nord	11200	19.920	-72.730
Mirebalais	9500	18.830	-72.100
Grande riviere du nord	9300	19.580	-72.180
Leogane	9000	18.510	-72.630
Anse-d'hainault	8100	18.490	-74.450
Fort-liberte	7800	19.670	-71.830
Gros-morne	7300	19.680	-72.680
Pignon	7200	19.340	-72.120
Croix-des-bouquets	6800	18.590	-72.240
Dame marie	6700	18.570	-74.420
Miragoane	6700	18.440	-73.090
Saint-raphael	6100	19.430	-72.200
Aquin	5900	18.280	-73.400
Lascahobas	5900	18.830	-71.940
Anse-a-galets	5600	18.840	-72.870
Kenscoff	4000	18.450	-72.290
Derac	2000	19.650	-71.820
