Jakarta	8987800	-6.180	106.830
Surabaya	3092400	-7.240	112.740
Bandung	2781800	-6.910	107.600
Medan	2243200	3.590	98.670
Palembang	1507100	-2.990	104.750
Tangerang	1344400	-6.180	106.630
Semarang	1289500	-6.970	110.420
Makasar	1268500	-5.140	119.410
Malang	841500	-7.980	112.620
Bekasi	824700	-6.220	106.970
Bandar lampung	703500	-5.440	105.270
Bogor	697100	-6.580	106.790
Padang	640500	-0.950	100.350
Surakarta	606700	-7.570	110.820
Banjarmasin	578800	-3.330	114.590
Pekan baru	561200	0.560	101.430
Samarinda	517900	-0.500	117.150
Pontianak	515300	-0.020	109.340
Denpasar	511000	-8.650	115.220
Yogyakarta	492800	-7.780	110.370
Depok	467500	-6.390	106.830
Cimahi	441100	-6.830	107.480
Balikpapan	439000	-1.260	116.830
Jambi	427700	-1.590	103.610
Manado	420100	1.500	124.840
Mataram	360400	-8.580	116.130
Ciputat	346700	-6.230	106.680
Pondokgede	336900	-6.280	106.950
Cirebon	308100	-6.710	108.560
Kediri	306900	-7.810	112.010
Tegal	288800	-6.860	109.130
Pekalongan	283100	-6.880	109.660
Jember	279700	-8.170	113.690
Ambon	273500	-3.700	128.160
Banda aceh	265600	5.550	95.320
Cilacap	264900	-7.340	109.000
Bengkulu	264800	-3.800	102.250
Cimanggis	262600	-6.320	106.730
Purwokerto	259200	-7.430	109.240
Pematang siantar	252100	2.960	99.060
Ciomas	239900	-6.600	106.750
Tasikmalaya	230100	-7.320	108.210
Madiun	196000	-7.630	111.510
Karawang	185700	-6.300	107.280
Kendari	185100	-3.970	122.590
Palu	182800	-0.900	119.840
Bitung	175600	1.460	125.190
Binjai	169900	3.600	98.480
Pasuruan	168100	-7.640	112.900
Kupang	165500	-10.170	123.570
Probolinggo	165500	-7.760	113.200
Percut sei tuan	165200	3.680	98.750
Batam	163600	1.030	103.920
Waru	159100	-7.380	112.650
Serang	156700	-6.110	106.150
Palangka raya	154800	-2.210	113.920
Tebingtinggi	151900	3.330	99.140
Cilegon	149700	-5.940	106.000
Sukabumi	147300	-6.920	106.920
Cianjur	146400	-6.820	107.140
