Mumbai	12622500	18.960	72.820
Dilli	10400900	28.670	77.210
Kolkata	4852800	22.570	88.360
Bengaluru	4547300	12.970	77.560
Chennai	4466900	13.090	80.270
Ahmadabad	3724300	23.030	72.580
Haidarabad	3654900	17.400	78.480
Pune	2691000	18.530	73.840
Kanpur	2682600	26.470	80.330
Surat	2578400	21.200	72.820
Jaipur	2462500	26.920	75.800
Lakhnau	2338500	26.850	80.920
Nagpur	2173200	21.160	79.080
Indore	1692400	22.720	75.860
Bhopal	1519100	23.240	77.400
Ludhiana	1478000	30.910	75.840
Patna	1458800	25.620	85.130
Vadodara	1383700	22.310	73.180
Thana	1336500	19.200	72.970
Agra	1334900	27.190	78.010
Kalyan	1264200	19.250	73.160
Varanasi	1166200	25.320	83.010
Nashik	1141000	20.010	73.780
Mirat	1138100	28.990	77.700
Faridabad	1117700	28.380	77.300
Haora	1068700	22.580	88.330
Pimpri	1066200	18.620	73.800
Allahabad	1049200	25.450	81.840
Amritsar	1033700	31.640	74.870
Visakhapatnam	1027200	17.730	83.300
Ghaziabad	1026100	28.660	77.410
Rajkot	1024100	22.310	70.790
Jabalpur	1008000	23.170	79.940
Koyampattur	977900	11.010	76.960
Madurai	977800	9.920	78.120
Srinagar	948100	34.090	74.790
Sholapur	924900	17.670	75.890
Aurangabad	924500	19.890	75.320
Ranchi	896800	23.360	85.330
Jodhpur	896700	26.290	73.020
Gwalior	876100	26.230	78.170
Vijayawada	874500	16.520	80.630
Chandigarh	856900	30.750	76.780
Guwahati	856000	26.190	91.750
Hubli	832700	15.360	75.130
Tiruchchirappalli	790400	10.810	78.690
Thiruvananthapuram	789000	8.510	76.950
Maisuru	786400	12.310	76.650
Navi mumbai	745800	19.110	73.060
Jalandhar	742900	31.330	75.570
Bareli	741400	28.360	79.410
Kota	737300	25.180	75.830
Selam	734400	11.670	78.160
Aligarh	707400	27.890	78.060
Bhubaneswar	685800	20.270	85.840
Moradabad	679400	28.840	78.760
Gorakhpur	661700	26.760	83.360
Raipur	641100	21.240	81.630
Bhiwandi	634300	19.300	73.050
Kochi	631900	10.020	76.220
