Dublin	1027900	53.330	-6.250
Cork	195400	51.900	-8.470
Limerick	85700	52.670	-8.630
Galway	68600	53.280	-9.060
Waterford	48300	52.260	-7.130
Dundalk	34400	54.020	-6.420
Bray	32300	53.210	-6.110
Drogheda	28800	53.720	-6.360
Swords	24100	53.450	-6.220
Tralee	21200	52.280	-9.720
Kilkenny	20300	52.660	-7.260
Ennis	20100	52.860	-8.990
Sligo	19500	54.280	-8.480
Athlone	18400	53.420	-7.950
Wexford	18300	52.340	-6.480
Naas	18100	53.220	-6.680
Clonmel	17200	52.360	-7.710
Newbridge	17200	53.180	-6.800
Carlow	17000	52.840	-6.920
Navan	16600	53.660	-6.690
Celbridge	15800	53.330	-6.550
Mullingar	14800	53.530	-7.340
Malahide	14600	53.450	-6.160
Leixlip	14500	53.370	-6.490
Greystones	13100	53.140	-6.070
Letterkenny	12900	54.940	-7.740
Killarney	12800	53.060	-9.520
Tullamore	11100	53.280	-7.490
Maynooth	11000	53.380	-6.600
Port laoise	10800	53.040	-7.300
Arklow	9900	52.800	-6.150
Ballina	9400	54.120	-9.160
Cobh	9200	51.860	-8.300
Balbriggan	9100	53.610	-6.190
Castlebar	9100	53.860	-9.300
Shannon	9000	52.700	-8.920
Enniscorthy	8800	52.500	-6.570
Carrigaline	8500	51.810	-8.390
Mallow	8400	52.140	-8.660
Wicklow	8400	52.990	-6.050
Dungarvan	7900	52.090	-7.630
Skerries	7900	53.580	-6.110
Laytown	7700	53.670	-6.240
Thurles	7400	52.690	-7.830
Longford	7300	53.730	-7.810
Tramore	7200	52.160	-7.160
New ross	7100	52.400	-6.950
Athy	6800	52.990	-6.990
Midleton	6700	51.920	-8.170
Ashbourne	6500		
Ballinasloe	6500	53.330	-8.240
Youghal	6500	51.950	-7.850
Rush	6400	53.520	-6.110
Tuam	6400	53.520	-8.860
Nenagh	6300	52.870	-8.200
Cavan	6100	54.000	-7.370
Monaghan	6100	54.250	-6.970
Trim	5700	53.550	-6.800
Carrick-on-suir	5500	52.350	-7.420
Kildare	5500	53.160	-6.990
