Tehran	7317200	35.670	51.430
Mashhad	2155700	36.270	59.570
Esfahan	1357600	32.680	51.680
Tabriz	1341600	38.080	46.300
Shiraz	1206800	29.630	52.570
Karaj	1018700	35.800	50.970
Qom	1007900	34.650	50.950
Ahvaz	682600	31.280	48.720
Kermanshah	642900	34.380	47.060
Zahedan	534000	29.500	60.830
Orumiyeh	515300	37.530	45.000
Kerman	508000	30.300	57.080
Yazd	484600	31.920	54.370
Rasht	476700	37.300	49.630
Arak	433900	34.080	49.700
Hamadan	413200	34.770	48.580
Ardabil	390300	38.250	48.300
Qazvin	369500	36.270	50.000
Abadan	327300	30.330	48.280
Sanandaj	319600	35.300	47.020
Zanjan	319100	36.670	48.500
Khorramabad	319000	33.480	48.350
Bandar-e ê¿abbas	318800	27.250	56.250
Eslamshahr	287400	35.540	51.200
Borujerd	254700	33.920	48.800
Gorgan	218200	36.830	54.480
Kashan	215900	33.980	51.580
Sabzevar	212400	36.220	57.630
Sari	211000	36.550	53.100
Neyshabur	197600	36.220	58.820
Najafabad	191400	32.670	51.350
Sirjan	178200	29.470	55.730
Khomeynishahr	177900	32.700	51.470
Khoy	176300	38.530	44.970
Dezful	171800	32.380	48.470
Amol	171300	36.430	52.400
Babol	170500	36.530	52.700
Bojnurd	167700	37.470	57.320
Birjand	158700	32.880	59.220
Qarchak	154500	35.420	51.580
Qa'emshahr	154300	36.470	52.870
Bushehr	152000	28.920	50.830
Qods	149700	35.730	51.180
Maragheh	149000	37.420	46.220
Malayer	148700	34.320	48.850
Bukan	142100	36.530	46.200
Saqqez	132700	36.230	46.280
Rafsanjan	129700	30.420	56.020
Gonbad-e qabus	128600	37.250	55.170
Zabol	128400	31.020	61.480
Mahabad	127600	36.770	45.720
Saveh	126800	35.020	50.330
Marv dasht	123400	29.800	52.830
Shahr-e kord	121200	32.320	50.850
Torbat-e hì¨eydariyeh	117700	35.280	59.220
Ilam	116800	33.630	46.430
Varamin	116100	35.320	51.650
Shahrud	116000	36.420	54.970
Bandar-e anzali	112500	37.470	49.450
Jahrom	112200	28.550	53.570
