Baä dad	5948800	33.330	44.440
Al-mawsil	1846500	36.340	43.140
Al-basrah	1477200	30.500	47.830
Irbil	891300	36.190	44.020
Kirkuk	784100	35.470	44.410
As-sulaymaniyah	682800	35.550	45.450
An-najaf	609400	31.990	44.330
Karbala	596300	32.610	44.080
An-nasiriyah	587000	31.040	46.260
Al-hì¨illah	573000	32.480	44.460
Ar-ramadi	470000	33.430	43.310
Ad-diwaniyah	466800	32.000	44.930
Al-kut	420500	32.500	45.820
Al-ê¿amarah	362600	31.850	47.170
Baê¿qubah	311800	33.750	44.640
Al-fallujah	284500	33.360	43.770
Samarra	214100	34.200	43.870
Az-zubayr	180900	30.390	47.710
Tall ê¿afar	167800	36.380	42.450
As-samawah	131900	31.320	45.280
Al-kufah	123500	32.090	44.340
As-satrah	90600	31.410	46.170
Camcamal	77800	35.540	44.840
Al-haritì¨ì±ah	72100	30.730	47.730
Al-qasim	71700	32.300	44.680
Suq-as-suyuhì±	71200	30.880	46.470
Al-hì¨ayy	69400	32.170	64.030
As-sayhì±an	67400	36.770	43.450
Hanaqin	60800	34.350	45.380
Saqlawah	57700	35.470	45.430
Saddat-al-hindiyah	56400	32.700	44.260
Bayji	52700	34.940	43.480
Al-musayyib	51500	32.780	44.300
Al-ê¿aziziyah	51300	32.910	45.070
Dahuk	50300	36.850	43.020
Al-hì¨abbaniyah	50100	33.390	43.570
Al-hindiyah	48400	32.550	44.220
Zahì±u	43900	37.140	42.700
Tuz khurmatu	41700	34.890	44.640
Ê¿anah	40800	34.470	41.930
Satt-al-ê¿arab	40600		
Al-hì¨aditì¨ì±ah	39500	34.140	42.370
As-samiyah	39200	31.960	44.590
Al-faw	38000	29.990	48.460
As-suwayrah	37400	32.920	44.780
Ê¿aqrah	37300	36.760	43.910
Jalula''	36800	34.270	45.160
Al-miqdadiyah	36500	33.970	44.920
Kifri	36200	34.700	44.970
Balad	35900	34.020	44.150
Al-hì±alis	35400	33.860	44.520
Halubcah	33700	35.180	45.980
Mandali	32800	33.750	45.550
Al-hì¨amzah	32400	31.730	44.980
Ar-rumaytì¨ì±ah	31300	31.530	45.220
Kusanjaq	31100	36.090	44.640
Al-madhì¨atiyah	31000	32.400	44.670
Al-majarr-al-kabir	30700	31.570	47.170
Tikrit	30600	34.610	43.680
An-nuê¿maniyah	29200	32.540	45.410
