Roma	2618900	41.890	12.500
Milano	1212900	45.480	9.190
Napoli	995000	40.850	14.270
Torino	865700	45.080	7.680
Palermo	671100	38.120	13.360
Genova	594900	44.420	8.930
Bologna	375800	44.500	11.340
Firenze	356100	43.780	11.240
Catania	315100	37.500	15.080
Bari	310500	41.120	16.870
Venezia	271800	45.430	12.330
Verona	248600	45.440	10.990
Messina	243300	38.190	15.550
Trieste	207800	45.650	13.770
Padova	207600	45.410	11.870
Taranto	200100	40.480	17.240
Brescia	192700	45.550	10.220
Modena	178200	44.650	10.920
Reggio di calabria	176700	38.110	15.650
Prato	172300	43.890	11.090
Cagliari	163800	39.220	9.100
Parma	158600	44.810	10.320
Perugia	153200	43.110	12.390
Livorno	149800	43.550	10.300
Foggia	145200	41.470	15.550
Salerno	144300	40.680	14.770
Reggio nell'emilia	143600	44.710	10.630
Ravenna	140400	44.420	12.210
Ferrara	132500	44.840	11.610
Rimini	130300	44.060	12.570
Siracusa	124400	37.070	15.290
Monza	120100	45.580	9.270
Pescara	119100	42.460	14.210
Sassari	116900	40.730	8.560
Latina	115700	41.470	12.890
Bergamo	113500	45.700	9.670
Forl„å	110100	44.220	12.030
Vicenza	108300	45.550	11.540
Terni	107200	42.570	12.650
Trento	105500	46.080	11.120
Novara	102900	45.450	8.620
Ancona	101000	43.600	13.500
Piacenza	96600	45.060	9.680
Udine	94000	46.070	13.240
Bolzano	93600	46.500	11.350
Arezzo	92600	43.470	11.870
Catanzaro	92100	38.900	16.600
Andria	91400	41.230	16.290
Giugliano in campania	91400	40.930	14.190
Brindisi	91100	40.640	17.930
Pesaro	90800	43.920	12.910
Cesena	90700	44.150	12.240
Torre del greco	90400	40.790	14.360
Barletta	90000	41.320	16.270
La spezia	89700	44.130	9.830
Pisa	86300	43.720	10.400
Pistoia	84900	43.940	10.910
Varese	84400	45.830	8.830
Alessandria	83000	44.920	8.610
Lecce	82700	40.360	18.160
