Tokyo	8294200	35.670	139.770
Yokohama	3525600	35.470	139.620
Osaka	2596700	34.680	135.500
Nagoya	2196400	35.150	136.910
Sapporo	1853600	43.060	141.340
Kobe	1535100	34.680	135.170
Kyoto	1468200	35.010	135.750
Fukuoka	1376100	33.590	130.410
Kawasaki	1288000	35.530	139.700
Hiroshima	1134800	34.390	132.440
Sendai	1029200	38.260	140.890
Kitakyushu	1009700	33.880	130.860
Chiba	909800	35.610	140.110
Sakai	786200	34.570	135.480
Kumamoto	667200	32.800	130.710
Okayama	632500	34.670	133.920
Sagamihara	630900	35.580	139.380
Hamamatsu	594700	34.720	137.730
Funabashi	558800	35.700	139.990
Hachioji	558800	35.660	139.330
Kagoshima	553400	31.590	130.560
Higashiosaka	513900	34.670	135.590
Urawa	505000	35.870	139.640
Niigata	503300	37.920	139.040
Himeji	483300	34.830	134.690
Matsuyama	478400	33.840	132.770
Omiya	471800	35.910	139.630
Matsudo	469800	35.780	139.900
Kawaguchi	468500	35.810	139.730
Shizuoka	468500	34.980	138.390
Nishinomiya	465800	34.730	135.340
Kanazawa	457300	36.560	136.640
Ichikawa	456000	35.720	139.930
Amagasaki	455800	34.710	135.410
Utsunomiya	448700	36.560	139.890
Oita	440900	33.240	131.600
Kurashiki	434300	34.610	133.770
Yokosuka	430900	35.270	139.670
Nagasaki	413100	32.750	129.880
Hirakata	403800	34.810	135.660
Gifu	400500	35.420	136.760
Machida	390100	35.560	139.430
Fujisawa	388600	35.330	139.470
Toyonaka	387900	34.780	135.480
Fukuyama	380800	34.500	133.370
Wakayama	380300	34.220	135.170
Toyohashi	373800	34.760	137.390
Nara	369000	34.690	135.830
Nagano	360700	36.650	138.180
Toyota	358900	35.090	137.160
Iwaki	358600	37.050	140.880
Asahikawa	358100	43.770	142.360
Takatsuki	354900	34.850	135.620
Suita	350700	34.750	135.520
Okazaki	346500	34.960	137.160
Koriyama	338000	37.410	140.380
Tokorozawa	337100	35.800	139.470
Kawagoe	336500	35.920	139.490
Kashiwa	335600	35.870	139.970
Kochi	333900	33.560	133.540
