Almati	1133300	43.320	76.920
Karaganda	438400	49.880	73.160
Simkent	361300	42.320	69.590
Taraz	331300	42.900	71.370
Astana	312300	51.170	71.470
Oskemen	312000	49.970	82.610
Pavlodar	301600	52.300	76.950
Semey	270500	50.430	80.270
Aktobe	254000	50.280	57.170
Kostanay	222200	53.220	63.630
Petropavl	204200	54.880	69.220
Oral	196100	51.000	51.000
Temirtau	171100	50.070	72.960
Akmecet	153700	44.800	65.470
Aktau	143900	50.270	73.050
Atirau	143000	47.120	51.880
Ekibastuz	127600	51.730	75.320
Koksetau	123800	53.300	69.420
Rudni	109900	52.950	63.120
Cezkazgan	90300	47.780	67.770
Taldikorgan	87100	45.000	78.400
Turkistan	85900	43.300	68.260
Balkas	65700	46.850	74.950
Satpaev	58900	47.890	67.530
Baykonir	56500	45.640	63.290
Riddir	56500	50.360	83.520
Kentau	55700	43.520	68.520
Scuce	49200	52.940	70.180
Canaozen	49100	43.370	52.820
Cetikara	48300	52.190	61.240
Stepnogorsk	47600	52.350	71.890
Arkalik	45900	50.250	66.900
Canatas	45200	43.560	69.730
Ziryan	44100	49.750	84.260
Saran	43200	49.780	72.910
Aksu	42400	52.450	71.960
Sahti	41700	49.690	72.690
Ermak	36900	52.050	76.930
Aral	35200	46.810	61.660
Lisakovsk	34600	52.610	62.610
Abay	34500	49.650	72.860
Ayakoz	34400	47.970	80.430
Aris	34200	42.440	68.800
Karatau	33700	43.180	70.460
Ustobe	33700	45.260	77.970
Atbasar	33600	51.820	68.350
Kapsagay	33500	43.880	77.070
Canakazali	32800	45.860	62.150
Su	31600	43.600	73.740
Kaskelen	31500	43.200	76.620
Talgar	30700	43.310	77.240
Salkar	29000	47.830	59.620
Kandagac	26800	49.480	57.420
Lugovoy	26200	42.910	72.700
Hromtau	24500	50.270	58.450
Tekeli	24100	44.810	78.850
Lener	23900	42.190	69.880
Merke	23800	42.870	73.180
Esik	22000	43.370	77.450
Sardara	21900	41.260	67.960
