Nairobi	2504400	-1.290	36.820
Mombasa	777100	-4.040	39.660
Nakuru	256300	-0.280	36.070
Kisumu	227100	-0.090	34.750
Eldoret	195200	0.520	35.270
Thika	96600	-1.040	37.090
Ruiru	93200	-1.140	36.960
Kitale	73900	1.030	34.990
Kakamega	66800	0.290	34.730
Malindi	62900	-3.210	40.100
Garissa	59500	-0.440	39.670
Nyeri	54900	-0.410	36.950
Bungoma	51600	0.570	34.560
Meru	49900	0.060	37.640
Mumias	42300	0.330	34.490
Naivasha	37700	-0.710	36.430
Wajir	37700	1.750	40.050
Homa bay	37600	-0.520	34.450
Migori	37000	-1.070	34.470
Nanyuki	36900	0.020	37.060
Embu	36800	-0.520	37.450
Busia	36000	0.390	34.310
Mandera	35600	3.940	41.860
Kilifi	35500	-3.610	39.850
Kericho	35100	-0.360	35.280
Machakos	33800	-1.510	37.260
Isiolo	33700	0.370	37.570
Kisii	30000	-0.670	34.760
Nyahururu	28900	0.040	36.360
Narok	28200	-1.070	35.850
Mavoko	25900	-1.450	37.000
Molo	24500	-0.240	35.730
Karuri	23100	-0.700	37.180
Webuye	22900	0.620	34.770
Vihiga	22300	0.300	34.930
Makueni	21800	-1.800	37.610
Kapsabet	20900	0.210	35.090
Lamu	20000	-2.280	40.900
Lodwar	19800	3.130	35.570
Voi	19700	-3.370	38.570
Maralal	19000	1.110	36.680
Tana river	18000	-1.500	39.500
Lokichar	17900	2.410	35.640
Ol kalou	17700	-0.270	36.380
Kerugoya	16400	-0.500	37.280
Moyale	16300	3.520	39.050
Marsabit	16200	2.330	37.980
Awendo	16100	-1.000	34.480
Kiambu	16100	-1.180	36.820
Siaya	16100	0.060	34.290
Muhoroni	16000	-0.150	35.200
Kitui	15500	-1.360	38.010
Kapenguria	15100	1.260	35.080
Kehancha	13800	-1.200	34.620
Magadi	13800	-1.890	36.300
Taveta	13400	-3.400	37.680
Sawasawa	13000	-4.470	39.480
Murang'a	12900	-0.710	37.150
Mariakani	12800	-3.870	39.470
Namanga	12500	-2.540	36.800
