Biskek	866300	42.870	74.570
Os	229700	40.540	72.790
Celalabad	76700	40.940	73.000
Karakol	67900	42.490	78.380
Tokmak	61300	42.830	75.290
Karabalta	59000	42.830	73.890
Ozgon	45800	40.780	73.290
Balikci	43700	42.460	76.190
Narin	42000	41.430	75.990
Kizilkiya	35100	40.260	72.120
Talas	34300	42.520	72.240
Bazarkurgon	27500	41.070	72.740
Kant	26700	42.890	74.840
Kara-suu	25500	40.710	72.890
Taskomur	25400	41.350	72.220
Maylisuu	22200	41.260	72.450
Gulcha	20700		
Mingkush	20300	41.680	74.440
Toktogul	19100	41.880	72.940
Karakol	18900	41.630	72.670
Chui	18800	42.820	75.210
Kemin	18300	42.800	75.680
Sokuluk	17600	42.860	74.220
Kyzyl-suu	17500	42.350	77.990
Belovodskoye	16300	42.830	74.110
At-bashi	16000	41.170	75.800
Kalininskoye	16000	42.820	73.790
Kosh tegirmen	16000	42.780	73.880
Isfana	15900	39.840	69.530
Kyzyl-tuu	15900	42.110	76.990
Kochkor-ata	15800	41.080	72.350
Suluktu	15000	39.940	69.560
Bashkaingdy	14400	41.150	75.900
Tyup	13700	42.730	78.360
Ivanovka	13100	42.890	75.090
Orlovka	13100	42.750	75.590
Colponata	12300	42.650	77.080
Haydarkan	11900	39.940	71.330
Kokyangak	11700	41.030	73.200
Karavan	11400	41.500	71.740
Krasnaya rechka	11000	42.740	74.810
Leninskoye	11000	40.700	73.180
Leninopol	10900	42.490	71.930
Kayingdi	10500	42.830	73.680
Sopokov	10500	42.840	74.310
Batken	10300	40.070	70.830
Ala buka	10000	41.410	71.470
Jangybazar	10000	41.670	70.880
Kayirma	10000	41.990	74.580
Ak-suu	9900	42.810	74.380
Mingbulok	9500	41.510	75.840
Ottuk	9200	42.310	76.280
Karasuu	8800	41.130	75.670
Maimak	8800	42.700	71.230
Chaiek	8700	41.930	74.520
Kochkorka	8700	42.210	75.750
Chat-bazar	8600	42.500	72.580
Groznoye	8600	42.620	71.200
Kyzyl-adyr	8600	42.630	71.580
Klyuchevka	8500	42.580	71.800
