Bairiki	43800	1.330	172.990
Bonriki	4100	1.370	173.150
Taburao	3200	1.810	173.040
Buariki	2800	1.610	172.950
Temaraia	2600	-0.690	174.450
Butaritari	2400	3.080	172.790
Tabukiniberu	2100	-1.340	175.980
Utiroa	2100	-1.230	174.760
Rawannawi	2000	2.050	173.270
Tabiauea	1400	0.910	173.030
Rungata	1300	-1.350	176.440
Makin	1200	3.380	172.990
Roreti	1200	2.650	176.830
Washington	1200	4.710	-160.760
Ijaki	894	-1.910	175.580
Abaokoro	852	-2.500	175.970
Tabontebike	777	0.210	173.400
Takaeang	752	0.160	173.620
Buariki	637	-1.480	175.060
London	554	1.990	157.780
Binoinano	332	0.420	173.920
Nabari	188	3.910	-159.730
Ooma	82	-0.880	169.550
Pyramid point	29	-2.870	-171.620
