Seoul	10165400	37.560	126.990
Pusan	3433100	35.110	129.030
Taegu	2358700	35.870	128.600
Inch'on	2263200	37.480	126.640
TaejåŽn	1383600	36.330	127.430
Kwangju	1246700	35.160	126.910
SåŽngnam	1153800	37.440	127.150
PuchåŽn	1046800	37.480	126.770
Suwon	1014800	37.260	127.010
Ulsan	838100	35.550	129.310
Anyang	793900	37.390	126.920
Koyang	696100	37.700	126.930
Ansan	685400	37.350	126.860
ChåŽnju	564600	35.830	127.140
ChåŽngju	526800	36.640	127.500
KwangmyåŽng	471300	37.450	126.840
ChangwåŽn	469000	35.270	128.620
Masan	405700	35.220	128.580
Å¬ijåŽngbu	370800	37.740	127.040
Pohang	358000	36.030	129.370
Kunpo	315900	37.350	126.950
Chinju	280000	35.190	128.080
PyåŽngtaek	275700	36.980	127.100
Cheju	264200	33.510	126.520
ChåŽnan	233200	36.810	127.160
Iksan	232700	35.940	126.950
Kumi	223400	36.130	128.350
Mokpo	213500	34.800	126.390
Kunsan	211300	35.990	126.710
Kuri	190900	37.590	127.130
ChunchåŽn	185500	37.860	127.740
Kimhae	183600	35.190	128.930
Shihå¬ng	179200	37.460	126.890
WåŽnju	173300	37.350	127.940
YåŽsu	158400	34.740	127.740
Hanam	155500	37.530	127.190
SunchåŽn	155400	34.950	127.490
Kangnå¬ng	149200	37.760	128.890
Å¬iwang	146100	37.350	126.980
Chungju	145700	36.980	127.940
KyåŽngju	135500	35.850	129.220
Chinhae	132400	35.150	128.660
Poryong	129000	36.340	126.610
Andong	113000	36.560	128.720
Chechon	105500	37.140	128.220
Tongyong	100900	34.840	128.420
Namyangju	98000	37.660	127.280
TongduchåŽn	96100	37.920	127.050
Osan	94700	37.150	127.070
KwachåŽn	91400	37.420	126.990
Tonghae	89700	37.490	129.120
SåŽgwipo	84100	33.250	126.570
KyåŽngsan	77400	35.820	128.730
SåŽkcho	77100	38.240	128.550
KimchåŽn	76800	36.110	128.130
YåŽngju	76100	36.830	128.620
Yongin	74500	37.280	127.120
Chongup	71000	35.570	126.840
Ichon	70100	37.280	127.450
Kihung	69000		
