As-salimiyah	152100	29.330	48.060
Jalib as-suyuhì±	142700	29.270	47.940
As-sabahì¨iyah	131200	29.120	48.110
Hì±itan-al-janubiyah	127700	29.260	47.950
Subbahì¨-as-salim	98100	29.260	48.060
Hawalli	96100	29.350	47.980
Al-qurayn	90700	29.200	48.070
Al-farwaniyah	74200	29.270	47.910
As-sulaybiyah	70300	29.290	47.830
Al-fuhì¨ayhì¨il	60600	29.100	48.130
Tayma'	60400	29.320	47.700
Al-fardaws	56400	29.290	47.870
Al-qasr	51300	29.340	47.710
Al-ê¿ardì¨iyah	47200	29.290	47.880
Ar-riqqah	46200	29.150	48.110
Salwa'	42200	29.280	48.080
Abraq hì±itan	40800	29.290	47.980
Al-kuwayt	38400	29.380	47.990
Azì¨-zì¨ahar	36700	29.170	48.070
Al-jabiriyah	35500	29.310	48.020
Al-manqaf	34600	29.100	48.130
Al-wahì¨ah	34000	29.340	47.670
Al-ahì¨madi	33900	29.070	48.080
Jabbar-al-ê¿ali	33700	29.170	48.080
Ar-rumaytì¨ì±iyah	33100	29.320	48.070
Bayan	31600	29.300	48.030
Ar-rabiyah	31200	29.290	47.900
Al-ê¿uyawn	28200	29.320	47.670
Al-andalus	27300	29.310	47.880
Abu hì¨ulayfah	25700	29.140	48.120
Ad-dawhì¨ah	24100	29.320	47.820
As-sulaybihì±at	20800	29.320	47.870
Al-fintas	20500	29.180	48.120
Musrif	19300	29.270	48.070
Al-jahra'	19200	29.350	47.690
Ar-rawdì¨ah	19200	29.340	47.980
Kayfan	17400	29.340	47.980
Ê¿umayriyah	17200	29.290	47.910
Banayd-al-qar	16600	29.360	48.010
Ar-riqê¿ay	16500	29.310	47.910
Al-mahbulah	16100	29.150	48.120
Janub-as-surrah	15900	29.290	48.020
An-nasim	14200	29.330	47.720
Ê¿abdullah-as-salam	13200	29.360	47.980
Al-qadisiyah	13100	29.350	48.000
Sabahì¨-an-nasr	12700	29.260	47.890
Al-fayhì¨a'	12600	29.340	47.980
Ad-dasmah	11200	29.370	48.000
Al-ê¿udayliyah	11200	29.300	47.960
Amgarah	10600	29.290	47.740
Al-hì±alidiyah	10100	29.330	47.950
Ad-daê¿iyah	10000	29.330	47.980
Al-yarmawk	10000	29.290	47.930
Qartabah	9100	29.310	47.990
As-saê¿ê¿ab	9100	29.360	48.020
Al-wafrah	8900	28.620	47.930
An-nuzha	8800	29.350	47.990
As-samiyah	8800	29.350	47.970
Hadiyah	8400	29.140	48.080
As-suwayhì± as-sanaê¿iyah	6800	29.340	47.940
