Bayrut	1185300	33.880	35.500
Tarabulus as-sam	215500	34.430	35.870
Sayda'	150900	33.570	35.390
Sur	118500	33.280	35.210
An-nabatiyat-at-tahta	90500	33.410	35.480
Juniyah	80800	33.970	35.630
Zahì¨lah	77600	33.840	35.920
Bê¿abda	59300	33.880	35.570
Baê¿labakk	30200	34.010	36.210
Ê¿alayh	27000	33.810	35.610
Jubayl	19400	34.130	35.660
Riyaq	17200	33.860	36.010
Marjê¿uyun	16100	33.340	35.590
Jazzin	12500	33.590	35.610
Rasayya	11200	33.510	35.860
Al-hirmil	11000	34.400	36.390
Al-batrun	10800	34.270	35.650
Jubb jannin	7000	33.620	35.680
Juwayya	6500	33.240	35.350
