Monrovia	557500	6.310	-10.800
Zwedru	36900	6.070	-8.130
Buchanan	27500	5.880	-10.050
Yekepa	23300	7.580	-8.530
Harper	20300	4.390	-7.720
Bensonville	19900	6.450	-10.600
Harbel	17900	6.260	-10.330
Tubmanburg	16800	6.870	-10.820
Gbarnga	14500	7.010	-9.490
Greenville	13600	5.020	-9.040
Ganta	11400	7.300	-8.530
Barclayville	9200	4.680	-8.220
Voinjama	8100	8.420	-9.760
Robertsport	6400	6.750	-11.360
Tapeta	6100	6.510	-8.870
Sanniquellie	5900	7.370	-8.690
Kakata	5400	6.530	-10.350
Rivercess	4300	5.460	-9.570
