Tarabulus	1111900	32.870	13.180
Banä azi	635800	32.120	20.070
Misratah	218100	32.380	15.090
Al-hì±ums	189100	32.660	14.260
Ajdabiya	154600	30.770	20.220
Tubruq	144400	32.080	23.960
Ä aryan	141900	32.170	13.020
Az-zawiyah	139700	32.760	12.720
Tarhunah	123800	32.430	13.630
Al-baydì¨a	120600	32.760	21.620
Yafran	117600	32.060	12.530
Al-marj	115800	32.500	20.830
Zlitan	93000	32.480	14.560
Sabha	92300	27.070	14.420
Surt	89600	31.210	16.590
Darnah	80300	32.770	22.640
Al-ê¿aziziyah	77900	32.530	13.020
Awbari	73400	26.580	12.770
Nalut	72600	31.880	10.970
Sabratah	66600	32.790	12.480
Marzuq	62300	25.930	13.910
Bani walid	57600	31.770	13.990
Zuwarah	48800	32.950	12.090
Sahì¨hì¨at	42500	32.830	21.860
Al-biraq	39400	27.530	14.280
Mizdah	36600	31.430	12.980
Al-abyar	31600	32.180	20.600
Az-zuwaytinah	24200	30.950	20.120
Tukrah	23400	32.530	20.570
Ä at	21100	24.970	10.170
Awjilah	20600	29.110	21.290
Al-kufrah	20500	24.200	23.290
Surman	16500	32.770	12.580
Marsa al-burayqah	15900	30.390	19.610
Suluq	15700	31.670	20.250
Waddan	15000	29.170	16.130
Ä adamis	14200	30.150	9.500
Masallatah	13900	32.620	14.000
Bardiyah	11900	31.770	25.090
Jadu	11500	31.950	12.020
Hun	10300	29.120	15.940
Al-qubbah	7200	32.770	22.250
Zaltan	6700	32.950	11.870
Jalu	5300	29.030	21.530
