Kolamba	669700	6.930	79.850
Dehiwala-mount lavinia	218800	6.850	79.870
Moratuwa	184800	6.810	79.880
Yapanaya	172300	9.670	80.010
Migamuwa	127200	7.220	79.830
Sri jayawardenepura	120800	6.890	79.900
Maha nuwara	114800	7.290	80.630
Chavakachcheri	111100	9.660	80.160
Galmune	98500	7.410	81.820
Galla	94800	6.050	80.210
Tirikunamalaya	93300	8.580	81.220
Battaramulla	92900	6.900	79.920
Madì¨akalpuwa	83900	7.710	81.690
Peduru tudì¨uwa	83900	9.820	80.230
Katunayaka	76500	7.180	79.870
Maharagama	74400	6.850	79.920
Valvedditturai	72800	9.820	80.170
Daluguma	64400	6.970	79.900
Dambulla	63900	7.850	80.650
Kotikawatta	60900	6.940	79.920
Anuradhapuraya	59100	8.320	80.410
Kolonnawa	57700	6.930	79.880
Hendala	57200	6.980	79.870
Vavuniyawa	55500	8.760	80.490
Ratnapuraya	48300	6.700	80.380
Keselwatta	46700	6.600	79.950
Matara	44600	5.960	80.530
Mannarama	44400	8.970	79.890
Badulla	42700	6.990	81.050
Puttalama	42700	8.040	79.820
Homagama	40900	6.850	80.000
Welesara	40700	7.030	79.900
Kalutara	38700	6.590	79.960
Matale	37900	7.470	80.620
Katankudi	37200	7.690	81.730
Panadraya	34900	6.720	79.900
Beruwala	34500	6.480	79.980
Jaela	32200	7.080	79.880
Mulleriyawa	32200	6.930	79.930
Kelaniya	31200	6.960	79.920
Peliyagoda	31200	6.950	79.900
Wattala	30100	6.970	79.890
Ragama	30000	7.030	79.920
Kurunegala	29600	7.500	80.360
Kandana	29200	7.050	79.900
Nuwara eliya	26100	6.980	80.770
Gampola	25300	7.170	80.570
Halawata	25100	7.570	79.810
Eravur	23200	7.770	81.590
Weligama	22700	5.980	80.420
Seethawakapura	22500	6.910	80.060
Ambalamgodì¨a	20600	6.240	80.060
Kilinochchi	19500	9.400	80.410
Amparai	18700	7.280	81.670
Kegalla	18200	7.250	80.350
Hatton	14900	6.890	80.600
Nawalapitiya	14100	7.050	80.530
Polonnaruwa	13900	7.930	81.000
Balangodì¨a	12600	6.650	80.710
Hambantota	11700	6.130	81.120
