Vilnius	542700	54.700	25.270
Kaunas	386400	54.900	23.910
Klaipeda	193900	55.710	21.130
Siauliai	130500	55.930	23.320
Panevezys	116900	55.740	24.370
Alytus	69700	54.390	24.050
Marijampole	48000	54.560	23.340
Mazeikiai	42000	56.330	22.340
Jonava	35600	55.080	24.270
Kedainiai	32700	55.300	23.970
Utena	32700	55.500	25.600
Telsiai	30900	55.990	22.230
Ukmerge	28800	55.260	24.760
Taurage	28600	55.250	22.280
Visaginas	28600	55.610	26.440
Plunge	23200	55.910	21.850
Silute	21600	55.350	21.470
Kretinga	21500	55.890	21.230
Radviliskis	19800	55.810	23.540
Druskininkai	17800	54.020	23.980
Palanga	17700	55.920	21.060
Rokiskis	16300	55.960	25.590
Gargzdai	15300	55.710	21.390
Birzai	14900	56.200	24.750
Elektrenai	14100	54.770	24.630
Kursenai	13800	55.990	22.940
Garliava	13600	54.820	23.870
Jurbarkas	13600	55.090	22.760
Vilkaviskis	13100	54.650	23.030
Raseiniai	12800	55.380	23.120
Naujoji akmene	12000	56.330	22.880
Lentvaris	11800	54.650	25.050
Anyksciai	11600	55.530	25.100
Prienai	11600	54.640	23.940
Grigiskes	11500	54.690	25.080
Joniskis	11000	56.240	23.610
Kelme	10600	55.630	22.930
Varena	10600	54.230	24.550
Kaisiadorys	10200	54.870	24.460
Pasvalys	8500	56.070	24.390
Kupiskis	8200	55.840	24.970
Zarasai	8100	55.730	26.250
Skuodas	7900	56.270	21.510
Kazlå² ruda	7300	54.780	23.480
Sirvintos	7300	55.040	24.970
Moletai	7000	55.240	25.410
Svencioneliai	6900	55.160	26.000
Sakiai	6700	54.960	23.050
Salcininkai	6700	54.310	25.370
Kybartai	6500	54.640	22.760
Pabrade	6500	54.990	25.760
Ignalina	6400	55.340	26.160
Silale	6200	55.470	22.200
Nemencine	5900	54.850	25.480
Pakruojis	5900	55.990	23.870
Svencionys	5700	55.160	26.160
Trakai	5700	54.640	24.930
Vievis	5300	54.770	24.810
Kalvarija	5000	54.420	23.220
Lazdijai	5000	54.240	23.510
