Luxembourg	77300	49.620	6.120
Esch-alzette	28000	49.500	5.980
Dudelange	17800	49.480	6.080
Schifflange	8100	49.510	6.010
Bettembourg	7400	49.520	6.100
Petange	7100	49.560	5.860
Ettelbruck	6200	49.850	6.110
Diekirch	6100	49.870	6.160
Strassen	5900	49.620	6.060
Bertrange	5500	49.610	6.050
Belvaux	5300	49.510	5.930
Fousbann	5300	49.520	5.920
Differdange	5200	49.530	5.890
Mamer	5000	49.630	6.020
Soleuvre	4900	49.530	5.950
Echternach	4800	49.810	6.410
Wiltz	4800	49.970	5.930
Bascharage	4600	49.570	5.910
Obercorn	4600	49.510	5.890
Rodange	4600	49.540	5.840
Kayl	4400	49.490	6.030
Rumelange	4400	49.510	5.890
Howald	4100	49.570	6.140
Grevenmacher	3900	49.690	6.440
Bereldange	3600	49.650	6.120
Mersch	3400	49.750	6.110
Mondercange	3300	49.530	5.980
Remich	3200	49.550	6.360
Mondorf-les-bains	3100	49.500	6.280
Niedercorn	3100	49.540	5.890
Tetange	2900	49.470	6.040
Bissen	2500	49.780	6.060
Sandweiler	2500	49.610	6.210
Sanem	2500	49.550	5.920
Bridel	2400	49.650	6.080
Lamadelaine	2400	49.540	5.850
Junglinster	2300	49.700	6.250
Wasserbillig	2300	49.720	6.500
Steinfort	2200	49.660	5.910
Helmsange	2100	49.650	6.140
Hesperange	1900	49.570	6.150
Leudelange	1900	49.560	6.060
Clemency	1800	49.590	5.870
Colmar-berg	1800	49.810	6.100
Itzig	1800	49.580	6.170
Steinsel	1800	49.670	6.120
Lintgen	1700	49.710	6.130
Heisdorf	1600	49.660	6.140
Kehlen	1600	49.660	6.030
Vianden	1600	49.930	6.210
Bergem	1500	49.520	6.040
Eischen	1500	49.680	5.870
Hautcharage	1500	49.570	5.910
Mertzig	1500	49.830	6.000
Niederanven	1500	49.640	6.260
Senningerberg	1500	49.640	6.200
Troisvierges	1500	50.120	6.010
Beaufort	1400	49.830	6.290
Dalheim	1400	49.540	6.250
Gonderange	1400	49.680	6.240
