Riga	689300	56.970	24.130
Daugavpils	112700	55.880	26.510
Liepaja	81100	56.510	21.010
Jelgava	56000	56.650	23.710
Jurmala	51400	56.980	23.760
Ventspils	39800	57.400	21.560
Rezekne	36700	56.510	27.320
Jekabspils	27000	56.510	25.860
Valmiera	26300	57.550	25.420
Ogre	24900	56.810	24.610
Tukums	18000	56.970	23.160
Cesis	17700	57.320	25.270
Salaspils	17400	56.860	24.350
Kuldiga	14000	56.980	21.950
Olaine	12800	56.810	23.920
Saldus	12600	56.670	22.480
Talsi	11600	57.250	22.590
Bauska	11000	56.410	24.180
Kraslava	10600	55.900	27.170
Sigulda	10500	57.160	24.860
Dobele	10300	56.630	23.270
Ludza	10100	56.550	27.730
Livani	9700	56.360	26.180
Gulbene	9400	57.180	26.750
Madona	9300	56.860	26.220
Limbazi	8900	57.520	24.710
Preii	8600	56.300	26.710
Aizkraukle	8200	56.590	25.200
Balvi	7900	57.130	27.260
Smiltene	6700	57.430	25.900
Valka	6500	57.780	26.000
Lielvarde	5600	56.720	24.800
Aizpute	5400	56.720	21.610
Vangazi	4200	57.110	24.530
Broceni	4000	56.700	22.530
Grobina	3900	56.550	21.160
Pavinas	3900	56.620	25.720
Balozi	3600	56.870	24.120
Rujiena	3600	57.900	25.340
Viani	3600	56.570	26.930
Kandava	3400	57.050	22.760
Salacgriva	3400	57.770	24.360
Ikskile	3000	56.820	24.500
Auce	2900	56.470	22.900
Saulkrasti	2900	57.290	24.410
Ilukste	2700	55.980	26.300
Karsava	2600	56.790	27.680
Skrunda	2600	56.670	22.020
Dagda	2400	56.100	27.540
Kegums	2400	56.740	24.720
Aluksne	2300	57.430	27.040
Priekule	2300	56.460	21.580
Varakani	2300	56.620	26.750
Baldone	2100	56.750	24.390
Kalnciems	2100	56.850	23.580
Jaunjelgava	2000	56.630	25.090
Stende	1900	57.150	22.530
Viesite	1900	56.360	25.560
Cesvaine	1800	56.970	26.310
Lubana	1800	56.900	26.730
