Chisinau	708000	47.030	28.830
Tiraspol'	211800	46.850	29.630
Balti	176500	47.760	27.910
Tighina	145900	46.830	29.480
Rabnita	57200	47.770	29.000
Cahul	40000	45.910	28.190
Soroca	39400	48.160	28.300
Ungheni	35200	47.210	27.810
Dubasari	33300	47.270	29.160
Orhei	29600	47.390	28.820
Comrat	24000	46.310	28.660
Ciadar lunga	21600	46.060	28.830
Drochia	19800	48.030	27.820
Causani	19400	46.640	29.410
Edinet	18300	48.170	27.320
Falesti	17900	47.580	27.720
Hancesti	17900	47.700	28.870
Slobozia	17700	46.750	29.710
Calarasi	17000	47.260	28.330
Floresti	17000	47.890	28.310
Vulcanesti	17000	45.680	28.410
Rascani	16500	47.960	27.570
Cimislia	15400	46.530	28.780
Nisporeni	14600	47.090	28.180
Taraclia	14100	45.900	28.670
Basarabeasca	13500	46.340	28.970
Rezina	13200	47.750	28.960
Dnestrovsc	12900	46.660	29.880
Camenca	12800	48.010	28.720
Donduseni	12700	48.240	27.590
Glodeni	12300	47.700	27.520
Leova	11400	46.500	28.240
Griguriopol	10900	47.150	29.310
Briceni	10700	48.370	27.670
Ocnita	10700	48.430	27.470
Straseni	10300	47.150	28.610
Telenesti	9000	47.500	28.370
