Antananarivo	1250700	-18.890	47.510
Toamasina	201500	-18.150	49.400
Antsirabe	180500	-19.870	47.030
Fianarantsoa	162300	-21.450	47.070
Mahajanga	152700	-15.720	46.310
Toliary	114400	-23.360	43.660
Antsiranìˆana	82700	-12.280	49.280
Antanifotsy	71700	-19.670	47.320
Ambovombe	69700	-25.180	46.080
Amparafaravola	50800	-17.590	48.210
Taolanìˆaro	47100	-25.030	46.990
Ambatondrazaka	42500	-17.830	48.430
Soavinandriana	41000	-19.170	46.730
Mananara	40600	-16.160	49.750
Nosy varika	40100	-20.590	48.530
Mahanoro	39300	-19.900	48.800
Soanierana ivongo	38700	-16.920	49.570
Morondava	38400	-20.290	44.270
Manakara	38300	-22.140	48.010
Faratsiho	38100	-19.410	46.940
Amboasary	37700	-25.040	46.380
Antalaha	36800	-14.900	50.270
Vavatenina	36400	-17.470	49.190
Ikongo	35000	-21.880	47.440
Sambava	34000	-14.250	50.150
Fandriana	33900	-20.240	47.370
Ambanja	33000	-13.680	48.450
Ambositra	32800	-20.530	47.240
Betioky	32500	-23.720	44.370
Manjakandriana	32300	-18.920	47.810
Marovoay	32100	-16.110	46.640
Tsihombe	31100	-25.320	45.480
Ambalavao	30300	-21.830	46.930
Betafo	30200	-19.830	46.850
Mananjary	29900	-21.230	48.350
Ambatolampy	28900	-19.380	47.430
Moramanga	28800	-18.940	48.220
Ambatofinandrahana	28100	-20.550	46.800
Tsiroanomandidy	27500	-18.770	46.040
Ankazoabo	27100	-22.290	44.510
Ampanihy	26800	-24.700	44.740
Farafangana	26700	-22.820	47.820
Anosibe an'ala	26000	-19.430	48.200
Marolambo	25800	-20.050	48.120
Vangaindrano	25400	-23.350	47.600
Vohibinany	25000	-17.350	49.030
Belon'i tsiribihina	24900	-19.690	44.540
Antsirambazaha	24400	-13.400	48.270
Beloha	24000	-25.180	45.050
Maroantsetra	23500	-15.430	49.740
Ambato boina	23100	-16.470	46.710
Sakaraha	22800	-22.920	44.520
Andapa	22400	-14.660	49.650
Arivonimamo	22300	-19.010	47.180
Antsohihy	21900	-14.880	47.990
Miandrivazo	21500	-19.530	45.450
Vondrozo	21500	-22.820	47.310
Fenoarivo atsinanana	20700	-17.380	49.410
Manandriana	20500		
Fenoarivo	19900	-18.450	46.560
