Male	83500	4.170	73.500
Hithadhoo	9800	-0.590	73.080
Fuvammulah	7900	-0.300	73.430
Kulhudhuffushi	7400	6.620	73.050
Thinadhoo	5200	0.530	72.930
Naifaru	4000	5.430	73.330
Hinnavaru	3500	5.490	73.420
Dhidhdhoo	3000	6.880	73.100
Kadholhudhoo	3000	5.620	72.860
Feydhoo	2800	-0.680	73.130
Eydhafushi	2700	5.120	73.030
Gamu	2700	1.920	73.540
Hoarafushi	2300	6.980	72.900
Maafushi	2300	3.930	73.470
Viligili	2300	0.760	73.440
Ihavandhoo	2200	6.950	72.920
Maradhoo	2200	-0.670	73.120
Mahibadhoo	2100	3.780	72.970
Fonadhoo	2000	1.830	73.500
Thulhaadhoo	2000	5.020	72.840
Velidhoo	2000	5.660	73.240
Alifushi	1900	5.970	72.930
Kaashidhoo	1800	4.970	73.470
Maakandoodhoo	1800	6.230	73.250
Maamigili	1800	3.500	72.830
Nilandhoo	1800	3.070	72.900
Gadhdhoo	1700	0.300	73.400
Maduvvari	1700	5.480	72.900
Meedhoo	1700	-0.580	73.230
Nolhivaramu	1700	6.660	73.080
Holhudhoo	1600	5.750	73.230
Komandoo	1600	5.970	73.350
Guraidhoo	1500	2.330	73.320
Isdhoo	1500	2.100	73.580
Maavah	1500	1.890	73.240
Meedhoo	1500	5.460	72.960
Thimarafushi	1500	2.200	73.150
Hulhudhoo	1400	-0.590	73.230
Iguraidhoo	1400	5.470	73.020
Baarah	1300	6.820	73.200
Guraidhoo	1300	3.900	73.470
Kudahuvadhoo	1300	2.670	72.900
Kurendhoo	1300	5.550	73.450
Manadhoo	1300	5.770	73.380
Mulah	1300	2.950	73.570
Vaikaradhoo	1300	6.550	72.950
Dhaandhoo	1200	0.630	73.420
Foakaidhoo	1200	6.330	73.150
Hanimaadhoo	1200	6.750	73.150
Kaditheemu	1200	6.440	72.920
Kedhikolhudhoo	1200	5.950	73.420
Kelaa	1200	6.950	73.200
Kolamaafushi	1200	0.840	73.190
Makunudhoo	1200	6.400	72.680
Ugoofaaru	1200	5.670	73.000
Maradhoo-feydhoo	1100	-0.670	73.130
Thoddoo	1100	4.420	72.950
Vilufushi	1100	2.510	73.300
Himmafushi	1000	4.310	73.570
Hulhudhuffaaru	1000	5.760	73.010
