Mexico	8705100	19.430	-99.140
Ecatepec	1769900	19.600	-99.050
Guadalajara	1672000	20.670	-103.350
Puebla	1370800	19.050	-98.220
Juarez	1330800	31.740	-106.490
Tijuana	1313800	32.530	-117.020
Nezahualcoyotl	1259100	19.410	-99.030
Monterrey	1142900	25.670	-100.320
Leon	1084400	21.120	-101.690
Zapopan	954900	20.720	-103.400
Naucalpan	867900	19.480	-99.230
Tlalnepantla	740700	19.540	-99.190
Guadalupe	710900	25.680	-100.260
Chihuahua	698500	28.630	-106.080
Merida	698400	20.970	-89.620
San luis potosi	659500	22.160	-100.980
Acapulco	643800	16.850	-99.920
Aguascalientes	643400	21.880	-102.300
Mexicali	601600	32.650	-115.470
Saltillo	600700	25.420	-101.000
Queretaro	595700	20.590	-100.400
Morelia	574900	19.720	-101.180
Hermosillo	573300	29.070	-110.970
Culiacan	563200	24.800	-107.390
Veracruz	554100	19.190	-96.140
Chimalhuacan	541300	19.440	-98.960
Torreon	521700	25.550	-103.430
San nicolas de los garza	510500	25.750	-100.300
Lopez mateos	505500	19.570	-99.260
Toluca	489000	19.290	-99.670
Cancun	478400	21.170	-86.830
Tlaquepaque	477100	20.640	-103.320
Tuxtla gutierrez	466500	16.750	-93.120
Cuautitlan izcalli	466100	19.650	-99.250
Reynosa	461900	26.080	-98.280
Durango	443600	24.030	-104.670
Matamoros	415400	25.880	-97.500
Xalapa	403100	19.530	-96.920
Tonala	357600	20.620	-103.230
Xico	354100	19.270	-98.940
Villahermosa	353800	17.980	-92.920
Mazatlan	343800	23.220	-106.420
Cuernavaca	341700	18.920	-99.250
Irapuato	335900	20.680	-101.360
Nuevo laredo	335800	27.480	-99.510
Tampico	310800	22.220	-97.850
Apodaca	309800	25.770	-100.180
Celaya	297800	20.520	-100.820
Pachuca	295800	20.120	-98.760
Coacalco	290100	19.630	-99.110
Ixtapaluca	285300	19.320	-98.880
Tepic	274100	21.500	-104.890
General escobedo	267400	25.820	-100.330
Victoria	264900	23.730	-99.130
Oaxaca	262200	17.070	-96.720
Obregon	256100	27.480	-109.930
Ensenada	252700	31.870	-116.620
Santa catarina	244500	25.670	-100.470
Los reyes	237700	19.360	-98.980
Nicolas romero	236900	19.620	-99.310
