Skopje	469800	42.000	21.470
Kumanovo	103600	42.140	21.710
Bitola	86900	41.040	21.340
Prilep	73700	41.360	21.560
Tetovo	71200	42.010	20.970
Veles	57900	41.730	21.780
Ohrid	54700	41.120	20.820
Gostivar	49800	41.800	20.920
Stip	48100	41.750	22.200
Strumica	45300	41.430	22.660
Kavadarci	38600	41.440	22.010
Struga	37100	41.180	20.680
Kocani	33900	41.930	22.400
Kicevo	30300	41.510	20.970
Lipkovo	27200	42.160	21.570
Radovis	24600	41.650	22.470
Zelino	24500	41.990	21.070
Saraj	24400	42.010	21.340
Tearce	22600	42.070	21.050
Kriva palanka	20900	42.220	22.330
Gevgelija	20500	41.150	22.510
Negotino	19300	41.500	22.100
Sveti nikole	18600	41.910	21.940
Debar	18000	41.520	20.530
Vinica	18000	41.900	22.500
Delcevo	17600	41.970	22.760
Studenicani	17300	41.930	21.520
Negotino-polosko	16900	41.890	20.880
Resen	16900	41.090	21.010
Ilinden	16000	41.990	21.580
Brvenica	15900	41.980	20.980
Bogovinje	14600	41.950	20.920
Kamenjane	14500	41.960	20.940
Berovo	14000	41.720	22.860
Probistip	12800	42.010	22.150
Bosilovo	12500	41.430	22.750
Cegrane	12400	41.840	20.960
Vasilevo	12200	41.490	22.650
Aracinovo	12100	42.040	21.570
Novo selo	12000	41.420	22.870
Valandovo	12000	41.350	22.550
Zajas	11700	41.590	20.940
Dolneni	11600	41.450	21.450
Kondovo	11200	42.030	12.330
Kratovo	10500	42.080	22.160
Oslomej	10500	41.550	20.980
Krusevo	9700	41.140	21.260
Sopiste	9600	41.960	21.410
Dolna banjica	9500	41.800	20.900
Rostusa	9500	41.610	20.590
Labunista	9000	41.290	20.580
Bogdanci	8800	41.230	22.560
Vrapciste	8600	41.830	20.860
Cucer	8500	42.110	21.380
Petrovec	8300	41.940	21.600
Kamenica	8200	42.010	22.580
Velesta	8200	41.250	20.660
Dzepciste	8000	42.040	21.000
Delogozdi	7900	41.250	20.730
Sipkovica	7900	42.050	20.890
