Bamako	953600	12.650	-7.990
Sikasso	127900	11.320	-5.680
Mopti	115500	14.490	-4.180
Segou	102200	13.440	-6.260
Koutiala	94500	12.390	-5.470
Kayes	88100	14.450	-11.440
Nioro	67600	15.230	-9.590
Kati	44500	12.750	-8.080
Markala	41700	13.670	-6.070
Gao	39000	16.270	-0.050
Kolokani	38000	13.580	-8.050
Tombouctou	35900	16.780	-3.010
Bougouni	32400	11.420	-7.490
San	30100	13.300	-4.900
Niono	29100	14.230	-5.990
Koulikoro	25500	12.870	-7.580
Banamba	24900	13.550	-7.450
Nara	22500	15.180	-7.280
Djenne	21600	13.920	-4.560
Bafoulabe	18700	13.800	-10.820
Kangaba	16800	11.940	-8.440
Dire	12100	12.280	-10.960
Kidal	11900	18.450	1.410
Koro	10900	14.060	-3.090
Niafunke	10700	15.930	-3.990
Goundam	10200	16.430	-3.680
Kolondieba	9900	11.080	-6.890
Yorosso	9900	12.370	-4.790
Ke-massina	9000	13.970	-5.360
Douentza	8800	15.000	-2.960
Bandiagara	8300	14.350	-3.610
Tenenkou	8000	14.450	-4.920
Kimparana	6000	12.840	-4.930
Araouane	5400	18.900	-3.530
Kita	5400	13.040	-9.490
Sokolo	4300	14.740	-6.130
Taoudenni	4100	22.670	-3.980
Tessalit	2800	20.280	0.980
