Birkirkara	21600	35.900	14.460
Qormi	18100	35.890	14.460
Mosta	17600	35.910	14.430
Zabbar	14800	35.880	14.540
Rabat	13000	35.870	14.400
San gwann	12300	35.930	14.490
Zejtun	11700	35.850	14.530
Fgura	11600	35.870	14.520
Sliema	11600	35.920	14.500
Zebbug	10900	35.870	14.430
Ä¨amrun	10700	35.890	14.480
Naxxar	10300	35.920	14.450
Attard	9500	35.890	14.450
Paola	9200	35.850	14.540
Zurrieq	9200	35.840	14.470
Birzebugia	7800	35.840	14.530
Tarxien	7700	35.870	14.510
Gzira	7600	35.900	14.500
Siä ä iewi	7600	35.850	14.430
San pawl il-baä¨ar	7400	35.950	14.400
San ä iljan	7000	35.920	14.480
Msida	6900	35.900	14.480
Valletta	6900	35.910	14.520
Rabat	6600	36.050	14.240
Santa venera	6300	35.890	14.460
Swieqi	6200	35.920	14.480
Bormla	6100	35.890	14.520
Mellieä¨a	6100	35.960	14.360
Marsascala	5400	35.870	14.560
Luqa	5300	35.870	14.480
Marsa	5100	35.890	14.500
Ghaxaq	4400	35.850	14.520
Pieta'	4100	35.890	14.500
Nadur	3900	36.040	14.290
Santa lucia	3700	35.860	14.510
Xaghra	3700	36.050	14.260
Isla	3500	35.890	14.520
Balzan	3300	35.190	14.460
Iklin	3300	35.910	14.450
Xewkija	3300	36.030	14.260
Birgu	3000	35.890	14.520
Gudja	3000	35.850	14.500
Marsaxlokk	3000	35.840	14.540
Dingli	2900	35.860	14.380
Kalkara	2900	35.890	14.530
Mqabba	2900	35.850	14.470
Mgarr	2800	36.030	14.300
Pembroke	2700	35.940	14.480
Floriana	2500	35.900	14.510
Lija	2500	35.900	14.450
Qrendi	2500	35.830	14.460
Ghajnsielem and comino	2300	36.030	14.280
Kirkop	2100	35.840	14.490
Gharghur	2000	35.920	14.460
Safi	1900	35.830	14.480
Sannat	1700	36.020	14.240
Ta xbiex	1700	35.900	14.490
Kercem	1600	36.040	14.230
Qala	1500	36.040	14.310
Zebbug	1500	36.070	14.240
