Yangon	4454500	16.790	96.150
Mandalay	1176900	21.980	96.090
Mawlamyine	405800	16.490	97.630
Pathein	215600	16.780	94.730
Bago	200900	17.330	96.500
Monywa	163400	22.110	95.130
Akyab	161400	20.140	92.890
Meiktila	161000	20.880	95.850
Taunggyi	151400	20.780	97.040
Mergui	148200	12.450	98.600
Dawei	139900	14.090	98.200
Lashio	133600	22.950	97.740
Pyay	131200	18.820	95.210
Myingyan	128600	21.460	95.390
Henzada	122700	17.650	95.470
Maymyo	113900	22.040	96.460
Pakokku	112500	21.330	95.090
Thaton	104800	16.930	97.360
Yenangyaung	97900	20.460	94.870
Toungoo	97700	18.950	96.420
Magway	85900	20.140	94.920
Mudon	85100	16.260	97.720
Pyinmana	85000	19.740	96.200
Nyaunglebin	81900	17.960	96.720
Chauk	80500	20.900	94.820
Kalay	80500	16.100	97.900
Shwebo	79800	22.570	95.690
Mogok	79300	22.930	96.510
Myitkyina	75100	25.380	97.380
Sagaing	70700	21.860	95.960
Keng tung	70400	21.290	99.620
Syriam	70300	16.770	96.240
Bogale	68500	16.290	95.400
Pyapon	65200	16.290	95.680
Arakan	60700	18.460	94.370
Taungdwingyi	59300	20.010	95.540
Kanbe	58900	16.700	96.020
Thayetmyo	57600	19.330	95.180
Allanmyo	56700	19.380	95.230
Minbu	56200	20.180	94.880
Tharrawaddy	54200	17.650	95.790
Thongwa	53200	16.760	96.520
Ye	53100	15.250	97.860
Maubin	52200	16.730	95.650
Kyaiklat	52100	16.450	95.730
Kyaikto	49300	17.300	97.020
Martaban	49200	16.530	97.600
Kyaikkami	48700	16.070	97.570
Banmo	48500	24.260	97.240
Twante	47100	16.720	95.930
Kyaukse	46200	21.620	96.130
Yamethin	45200	20.430	96.140
Mawlaik	45100	23.630	94.410
Wakema	43200	16.610	95.180
Myanaung	42800	18.280	95.320
Labutta	42300	16.160	94.700
Pyu	40900	18.480	96.440
Kayan	40800	16.900	96.560
Yandoon	40600	17.040	95.640
Moulmeingyun	39600	16.380	95.260
