Beograd	1126900	44.830	20.500
Pristina	209100	42.650	21.170
Novi sad	192000	45.250	19.850
Nis	174600	43.330	21.900
Kragujevac	147000	44.020	20.920
Podgorica	141400	42.470	19.280
Prizren	127000	42.230	20.740
Subotica	100200	46.070	19.680
Pec	83000	42.660	20.310
Zrenjanin	80100	45.370	20.400
Dakovica	78100	42.390	20.430
Kosovska mitrovica	76600	42.890	20.870
Pancevo	76600	44.870	20.660
Cacak	73700	43.900	20.330
Gnjilane	70800	42.470	21.480
Leskovac	63600	43.000	21.950
Smederevo	63100	44.670	20.930
Niksic	62200	42.780	18.940
Valjevo	61800	44.280	19.890
Kraljevo	58200	43.740	20.670
Krusevac	57800	43.580	21.320
Uzice	55400	43.870	19.840
Vranje	55400	42.570	21.910
Sabac	55200	44.760	19.690
Novi pazar	55000	43.150	20.520
Sombor	51300	45.780	19.120
Pozarevac	42200	44.630	21.190
Kikinda	42100	45.840	20.450
Pirot	40900	43.170	22.600
Zajecar	40000	43.910	22.300
Urosevac	39900	42.380	21.170
Bor	39700	44.130	22.100
Sremska mitrovica	39300	44.980	19.610
Vrsac	36300	45.130	21.300
Jagodina	35800	43.980	21.260
Borca	35200	44.870	20.450
Ruma	32400	45.000	19.830
Backa palanka	29600	45.250	19.390
Kosovo polje	29300	42.630	21.120
Prokuplje	27200	43.240	21.590
Indija	26400	45.050	20.090
Vrbas	26100	45.570	19.650
Becej	25900	45.630	20.040
Paracin	25500	43.870	21.410
Smederevska palanka	25500	44.370	20.960
Arandelovac	24500	44.310	20.570
Orahovac	24300	42.410	20.660
Gornji milanovac	24100	44.030	20.460
Pljevlja	23800	43.360	19.360
Lazarevac	23700	44.390	20.270
Obrenovac	23700	44.660	20.210
Kaluderica	22400	44.750	20.570
Mladenovac	22300	44.430	20.700
Loznica	20900	44.530	19.220
Cuprija	20600	43.930	21.380
Senta	20500	45.940	20.090
Priboj	19600	43.590	19.540
Apatin	19400	45.670	18.980
Knjazevac	19400	43.570	22.260
Kula	19400	45.620	19.520
