Ulaanbaatar	819400	47.930	106.910
Erdenet	73600	49.030	104.080
Darhan	70900	46.630	109.400
Cojbalsan	45000	48.060	114.500
Olgij	30200	48.970	89.960
Sajnsand	30000	44.890	110.110
Hovd	28100	44.670	102.170
Moron	27400	49.640	100.150
Ulaangom	26800	49.990	92.060
Uliastaj	26200	47.740	96.840
Suhbaatar	24000	50.230	106.190
Bajanhongor	23800	46.690	100.120
Arvajheer	20500	46.270	102.770
Cecerleg	19600	47.460	101.460
Altaj	19400	46.380	96.260
Zuunmod	18000	47.710	106.950
Zuunharaa	17800	48.850	106.450
Bulgan	17500	48.820	103.560
Dalanzadgad	16800	43.580	104.430
Baruun-urt	16300	46.680	113.280
Mandalgovä¬	15700	45.770	106.260
Ondorhaan	15300	47.340	110.650
Tosoncengel	13100	48.770	98.260
Nalajh	11700	47.770	107.260
Cojr	9300	46.360	108.360
