Maputo	1140400	-25.950	32.570
Matola	520500	-25.970	32.460
Beira	487100	-19.830	34.840
Nampula	371800	-15.130	39.240
Chimoio	209700	-19.120	33.470
Nacala	194000	-14.560	40.680
Quelimane	180800	-17.880	36.890
Tete	123800	-16.170	33.580
Xai-xai	121900	-25.040	33.640
Garue	119700	-15.460	36.980
Maxixe	114700	-23.870	35.340
Lichinga	105100	-13.300	35.240
Pemba	104100	-12.960	40.480
Dondo	75300	-19.620	34.730
Angoche	71400	-16.230	39.910
Cuamba	70100	-14.790	36.540
Montepuez	69200	-13.120	39.000
Mocuba	66000	-16.850	38.260
Inhambane	63900	-23.870	35.380
Chokwe	61000	-24.530	32.980
Chibuto	56600	-24.680	33.530
Mocambique	52000	-15.040	40.730
Manica	24400	-18.970	32.880
Quissico	21100	-24.710	34.730
Lumbo	18400	-15.010	40.650
Nazombe	17900	-11.350	38.840
Inharrime	17300	-24.470	35.010
Panda	14600	-24.050	34.730
Macia	13900	-25.020	33.090
Marrupa	13100	-13.200	37.490
Chongoene	11500	-24.990	33.790
Homoine	10900	-23.880	35.150
Manhica	10900	-25.400	32.800
Bela vista	10800	-26.340	32.660
Guija	10700	-24.490	33.010
Magude	10200	-25.020	32.640
Zumbo	9900	-15.610	30.440
Jangamo	9700	-24.130	35.320
Maniamba	9700	-12.750	34.970
Marracuene	9700	-25.730	32.680
Moamba	9700	-25.590	32.240
Mandimba	9600	-14.350	35.640
Namaacha	9600	-25.970	32.010
Chidenguele	9400	-24.910	34.180
Manjacaze	9300	-24.700	33.880
