Nawaksut	678700	18.090	-15.980
Nawadibu	82500	20.960	-17.040
Kifah	71000	16.620	-11.400
Kayhaydi	52800	16.150	-13.500
Rusu	51900	16.520	-15.800
Zuwarat	38100	22.730	-12.490
Atar	31600	20.510	-13.050
An-naê¿mah	16000	16.620	-7.260
Tijiqjah	15400	18.560	-11.440
Magtaê¿ lahì¨jar	14500	17.000	-13.500
Walatah	12700	17.300	-7.040
Aqjawajat	12600	19.750	-14.400
Alak	12500	17.060	-13.910
Buqah	12100	16.590	-14.270
Silibabi	11700	15.170	-12.180
Singati	11000	20.470	-12.370
Timbedra	10300	16.260	-8.150
Ê¿ayun-al-ê¿atrus	8000	16.660	-9.620
Kubanni	6500	15.780	-9.460
Fdayrik	4300	22.690	-12.710
