Blantyre	562400	-15.790	34.990
Lilongwe	512800	-13.970	33.800
Mzuzu	102400	-11.460	34.020
Zomba	75400	-15.390	35.310
Karonga	32700	-9.940	33.950
Mangochi	31800	-14.460	35.270
Kasungu	30700	-13.020	33.480
Salima	23900	-13.770	34.430
Nkhotakota	22800	-12.910	34.300
Nsanje	19900	-16.910	35.270
Liwonde	18500	-15.050	35.220
Dedza	17900	-14.360	34.330
Balaka	16900	-14.980	34.960
Rumphi	16400	-11.010	33.870
Mzimba	16300	-11.890	33.600
Mulanje	14800	-16.020	35.500
Mchinji	13500	-13.800	32.880
Mponela	11700	-13.510	33.720
Chilumba	11600	-11.090	33.680
Nkhata bay	11100	-11.590	34.300
Luchenza	10400	-16.010	35.300
Monkey bay	10300	-14.070	34.920
Mwanza	9500	-15.600	34.520
Ntcheu	9500	-14.810	34.630
Chitipa	8400	-9.690	33.270
Chikwawa	8000	-16.020	34.790
Ntchisi	6300	-13.330	34.080
Thyolo	6300	-16.060	35.130
Livingstonia	5600	-10.590	34.120
Dowa	5300	-13.650	33.930
Phalombe	3000	-15.790	35.650
Chipoka	2600	-13.990	34.500
Chiradzulu	1800	-15.690	35.180
Machinga	1500	-14.960	35.520
