Niamey	739600	13.520	2.120
Zinder	186900	13.800	8.990
Maradi	161100	13.490	7.100
Agadez	84300	17.000	7.980
Tahoua	79400	14.900	5.260
Arlit	73900	18.820	7.330
Dosso	47400	13.050	3.200
Birni n'konni	47000	13.790	5.260
Tessaoua	34300	13.750	7.990
Dogondoutchi	31700	13.640	4.030
Gaya	30500	11.890	3.490
Ayorou	27500	14.740	0.930
Diffa	25500	13.320	12.620
Madaoua	23800	14.070	5.960
Birni n'gaoure	23100	13.080	2.910
Tera	20700	14.010	0.760
Mirriah	20600	13.710	9.160
Dakoro	20300	14.510	6.770
Magaria	19100	12.990	8.910
Mayahi	18300	13.970	7.670
Tillabery	17700	14.210	1.450
N'guigmi	17300	14.250	13.120
Illela	16900	14.460	5.240
Matameye	16800	13.420	8.480
Tibiri	16100	13.580	7.060
Tanout	15500	14.970	8.890
Goure	14600	13.980	10.270
Abalak	13500	15.450	6.290
Aguie	12500	13.500	7.780
Filingue	12100	14.350	3.330
Boboye	11500	13.000	2.870
Guidan roumdji	11300	13.670	6.700
Ma„ène-soroa	10800	13.210	12.030
Say	10300	13.110	2.360
Kollo	10000	13.320	2.330
Tchirozerine	9900	17.110	7.830
Madarounfa	9600	13.300	7.150
Keita	9100	14.760	5.780
Tchintabaraden	8900	15.900	5.800
Malbaza'uzine	8500		
Kantche	8000	13.550	8.470
Gazaoua	7800		
Ouallam	7800	14.320	2.090
Bouza	7500	14.420	6.050
Ingall	7400		
Loga	5900		
Bagountara	5600		
Garbey kourou	5600		
Begorou tondo	4800		
Banibangou	3900		
Fachi	3400		
Bilma	2500	18.690	12.940
