Lagos	8682200	6.450	3.470
Kano	3412900	12.000	8.520
Ibadan	3201500	7.380	3.930
Kaduna	1563300	10.520	7.440
Port harcourt	1133400	4.780	7.000
Benin	1113400	6.340	5.620
Maiduguri	1016500	11.850	13.160
Zaria	963300	11.080	7.710
Aba	820900	5.100	7.350
Ilorin	805800	8.500	4.530
Jos	781900	9.930	8.890
Ogbomosho	755400	8.080	4.180
Oyo	645200	7.830	3.920
Enugu	625000	6.330	7.500
Abeokuta	556400	7.160	3.350
Onitsha	536800	6.160	6.780
Warri	530300	5.510	5.750
Sokoto	525200	13.070	5.240
Okene	474000	7.560	6.230
Calabar	457300	4.960	8.310
Oshogbo	437800	7.830	4.580
Katsina	406800	13.000	7.600
Akure	387400	7.250	5.200
Ife	326000	7.550	4.570
Ikorodu	308600	6.610	3.510
Bauchi	308000	10.310	9.840
Iseyin	298200	7.980	3.670
Minna	288600	9.600	6.550
Makurdi	259400	7.730	8.530
Efon alaye	257300	7.670	4.880
Owo	254600	7.190	5.590
Ado	252700	7.670	5.270
Ede	248400	7.730	4.520
Gombe	243900	10.290	11.170
Ilesha	243300	8.920	3.420
Umuahia	241500	5.540	7.480
Ondo	236600	7.090	4.840
Damaturu	233300	11.750	11.960
Jimeta	228900	9.280	12.460
Iwo	219200	7.630	4.180
Ikot ekpene	217000	5.190	7.710
Gusau	211100	12.170	6.660
Mubi	208200	10.270	13.270
Shagamu	201100	6.850	3.640
Ugep	198300	5.810	8.080
Owerri	196300	5.500	7.020
Ijebu ode	196100	6.810	3.920
Ikire	194400	7.340	4.180
Nnewi	185500	6.030	6.920
Ise	175000	7.460	5.420
Gboko	173400	7.330	8.900
Abuja	171800	9.180	7.170
Bida	169700	9.080	6.010
Ilawe	168400	7.400	5.060
Ikare	168200	7.450	5.600
Sango ota	163000	6.700	3.230
Okpoko	161100	6.530	6.170
Awka	160400	6.220	7.070
Suleja	160300	9.170	7.170
Sapele	159900	5.900	5.670
