Amsterdam	740400	52.370	4.890
Rotterdam	601600	51.930	4.480
's-gravenhage	469000	52.080	4.280
Utrecht	264700	52.100	5.110
Eindhoven	207800	51.440	5.470
Tilburg	201800	51.570	5.070
Groningen	177700	53.230	6.570
Almere	174300	52.360	5.170
Breda	166200	51.580	4.770
Nijmegen	157000	51.840	5.850
Apeldoorn	156700	52.220	5.960
Enschede	153000	52.220	6.890
Haarlem	148000	52.390	4.620
Arnhem	143100	51.990	5.910
Zaanstad	140300	52.450	4.820
Amersfoort	134800	52.160	5.380
's-hertogenbosch	134000	51.700	5.310
Haarlemmermeer	126100	52.300	4.700
Maastricht	121900	50.850	5.690
Dordrecht	120900	51.800	4.670
Leiden	117100	52.170	4.490
Zoetermeer	112900	52.070	4.490
Zwolle	112100	52.520	6.090
Emmen	110200	52.790	6.900
Ede	105400	52.040	5.650
Sittard-geleen	97800	51.010	5.860
Delft	97700	52.010	4.360
Heerlen	94000	50.910	6.030
Alkmaar	93400	52.640	4.750
Leeuwarden	91700	53.210	5.790
Venlo	91500	51.380	6.170
Deventer	87100	52.270	6.160
Helmond	85800	51.480	5.650
Hilversum	83600	52.230	5.180
Hengelo	82000	52.270	6.780
Roosendaal	79500	51.540	4.460
Amstelveen	77500	52.320	4.860
Purmerend	77300	52.520	4.940
Spijkenisse	77000	51.850	4.320
Schiedam	76500	51.940	4.370
Vlaardingen	74300	51.920	4.330
Leidschendam-voorburg	74200	52.090	4.390
Almelo	73800	52.360	6.650
Gouda	71800	52.020	4.700
Alphen	71700	52.140	4.660
Lelystad	70700	52.520	5.450
Hoorn	68700	52.650	5.050
Oss	68700	51.760	5.520
Velsen	68100	52.470	4.630
Bergen op zoom	66800	51.500	4.290
Capelle	66100	51.940	4.580
Assen	62800	53.010	6.560
Nieuwegein	62600	52.030	5.080
Veenendaal	62100	52.020	5.550
Zeist	60200	52.100	5.230
Den helder	59900	52.960	4.750
Hardenberg	58000	52.570	6.610
Smallingerland	54700	53.110	6.090
Oosterhout	53600	51.650	4.860
Hoogeveen	53500	52.730	6.490
