Oslo	801000	59.910	10.750
Bergen	212600	60.380	5.340
Stavanger	171300	58.970	5.710
Trondheim	145700	63.440	10.400
Fredrikstad-sarpsborg	96600	59.240	10.940
Drammen	90000	59.750	10.200
Porsgrunn-skien	84900	59.150	9.660
Kristiansand	63400	58.150	7.990
Tromso	52100	69.660	18.940
Tonsberg	44700	59.270	10.420
Alesund	44000	62.480	6.200
Haugesund	40300	59.420	5.270
Sandefjord	39400	59.140	10.210
Moss	34300	59.430	10.680
Bodo	33500	67.290	14.370
Arendal	30800	58.460	8.760
Hamar	28600	60.810	11.080
Larvik	23000	59.070	9.990
Halden	21900	59.130	11.370
Harstad	19500	68.810	16.520
Lillehammer	19100	61.120	10.470
Molde	18500	62.740	7.180
Mo i rana	17900	66.330	14.170
Horten	17700	59.420	10.470
Kongsberg	17600	59.670	9.630
Gjovik	17500	60.790	10.650
Askoy	16900	60.400	5.180
Kristiansund	16900	63.120	7.760
Narvik	14200	68.450	17.420
Honefoss	13800	60.190	10.230
Elverum	12500	60.890	11.540
Askim	12400	59.580	11.160
Ski	12400	59.720	10.830
Alta	12000	69.980	23.270
Jessheim	11800	60.150	11.180
Drobak	11200	59.670	10.650
Steinkjer	11200	64.020	11.480
Kongsvinger	11100	60.200	11.990
Vennesla	11000	58.260	7.960
Leirvik	10900	59.800	5.490
Nesoddtangen	10800	59.860	10.670
Mandal	10100	58.030	7.440
Stjordalshalsen	9700	63.480	10.940
Mosjoen	9600	65.840	13.220
Egersund	9500	58.460	6.010
Grimstad	9500	58.350	8.600
Akrehamn-vedavagen	9300	59.260	5.200
Knarrevik-straume	9000	60.370	5.160
Namsos	8900	64.480	11.520
Algard-figgjo	8500	58.770	5.850
Forde	8500	61.460	5.870
Raholt	8400	60.270	11.180
Brumunddal	8300	60.890	10.930
Notodden	8300	59.570	9.260
Levanger	8200	63.750	11.320
Floro	8100	61.600	5.030
Osoyro	7900	60.190	5.450
As	7800	59.670	10.780
Bryne	7800	58.730	5.650
Sogne	7500	58.100	7.780
