Kathmandu	743300	27.710	85.310
Biratnagar	178000	26.460	87.280
Lalitpur	172400	27.680	85.320
Pokhara	169700	28.220	83.990
Birganj	119500	27.020	84.870
Dharan	102800	26.810	87.260
Bharatpur	96500	27.670	84.440
Janakpur	94000	26.730	85.920
Mahendranagar	86200	28.960	80.300
Bhaktapur	77400	27.670	85.430
Butwal	74900	27.710	83.450
Dhangadhi	73300	28.690	80.590
Hetauda	73300	27.410	85.020
Nepalganj	63200	28.070	81.620
Triyuga	58900		
Damak	56300	26.660	87.730
Siddharthanagar	56200	27.500	83.450
Madhyapur thimi	51800		
Gulariya	49800	28.240	81.330
Mechinagar	48600		
Itahari	48400	26.670	87.280
Tribuvannagar	48300		
Leknath	44300		
Kirtipur	44100	27.670	85.280
Tikapur	41800	28.500	81.130
Ratnanagar	41300		
Tulsipur	36100	28.130	82.290
Kamalamai	35000	27.220	85.920
Birendranagar	33800	28.560	81.650
Kalaiya	33400	27.030	85.000
Rajbiraj	32800	26.540	86.740
Putalibazar	31900		
Damauli	30300		
Kapilwastu	29000	27.530	83.050
Lahan	28800	26.720	86.480
Panauti	27500	27.590	85.520
Prithivinarayan	27400		
Gaur	27000	26.770	85.270
Siraha	25600	26.660	86.210
Bhimeshwar	25500	27.670	86.030
Inaruwa	24700	26.610	87.100
Malangwa	24700	26.860	85.550
Ramgram	24300		
Khandbari	24000	27.370	87.220
Jaleswor	23700	26.650	85.790
Dipayal	23600	29.120	80.690
Tansen	22700	27.870	83.550
Dhankuta	22500	26.950	87.340
Baglung	22300	28.270	83.600
Waling	21800	27.990	83.770
Narayan	20600	28.830	81.730
Dashrathchand	19800	29.850	80.550
Amargadhi	19600	29.300	80.580
Bhadrapur	19400	26.540	88.080
Banepa	18100	27.630	85.520
Ilam	18100	26.910	87.920
Bidur	13200	27.890	85.160
Weni	11300	28.350	83.570
Dhulikhet	10500	27.620	85.550
Bishalter	10300	27.800	84.770
