Auckland	379600	-36.850	174.760
Manukau	344400	-37.000	174.880
Christchurch	343800	-43.530	172.640
North shore	193000	-36.800	174.750
Wellington	167700	-41.280	174.780
Waitakere	154400	-36.850	174.540
Hamilton	143600	-37.780	175.280
Dunedin	107000	-45.880	170.480
Tauranga	103200	-37.700	176.150
Lower hutt	96200	-41.200	174.930
Palmerston north	72400	-40.350	175.610
Hastings	59600	-39.640	176.840
Nelson	56200	-41.290	173.240
Napier	54800	-39.490	176.900
Rotorua	53300	-38.140	176.240
Porirua	48200	-41.140	174.850
Whangarei	47600	-35.720	174.310
New plymouth	47500	-39.060	174.080
Invercargill	45400	-46.410	168.370
Wanganui	38900	-39.930	175.030
Kapiti	35600	-40.910	175.020
Upper hutt	34800	-41.140	175.030
Gisborne	31400	-38.660	178.020
Blenheim	27300	-41.530	173.960
Timaru	27100	-44.380	171.220
Taupo	21000	-38.690	176.080
Pukekohe	19900	-37.190	174.950
Masterton	19700	-40.950	175.650
Levin	19000	-40.620	175.280
Whakatane	18200	-37.970	176.990
Ashburton	16100	-43.910	171.750
Cambridge	14400	-37.880	175.440
Tokoroa	14200	-38.220	175.870
Feilding	13500	-40.220	175.550
Te awamutu	13500	-38.010	175.330
Oamaru	12700	-45.070	170.980
Rangiora	11400	-43.310	172.570
Hawera	10800	-39.580	174.280
Gore	9700	-46.090	168.920
Greymouth	9300	-42.460	171.200
Queenstown	9100	-45.040	168.640
Waiheke	7700	-36.800	175.100
Motueka	7200	-41.120	173.000
Te puke	7000	-37.780	176.320
Waiuku	7000	-37.250	174.750
Huntly	6800	-37.550	175.170
Kawerau	6800	-38.090	176.700
Thames	6800	-37.120	175.530
Morrinsville	6400	-37.650	175.530
Matamata	6300	-37.820	175.770
Waitara	6200	-38.930	174.250
Orewa	5800	-36.790	175.450
Otaki	5700	-40.760	175.150
Dannevirke	5300	-40.210	176.090
Kerikeri	5200	-35.220	173.970
Kaitaia	5100	-35.120	173.270
Ngaruawahia	5100	-37.670	175.120
Stratford	5100	-39.340	174.260
Taumarunui	4900	-38.890	175.260
Dargaville	4600	-35.920	173.880
