As-sib	248200	23.670	58.190
Salalah	185800	17.020	54.090
Bawsar	172200	23.530	58.390
Suhì¨ar	134900	24.340	56.700
Ê¿ibri	121700	23.250	56.500
As-suwayq	116700	23.850	57.430
Ruwi	116600	23.590	58.530
Sahì¨am	102800	24.180	56.880
Nizwa	84500	22.920	57.530
Ar-rustaq	81400	23.400	57.430
Matrahì¨	78500	23.410	58.490
Barka	77800	23.710	57.880
Sur	75100	22.570	59.550
Al-buraymi	60800	24.250	55.800
Bahla'	59200	22.970	57.300
Sinas	58600	24.730	56.460
Al-mudì¨aybi	57800	22.570	58.120
Masqat	56400	23.610	58.540
Qabus	51400	23.630	58.540
Al-hì±aburah	49500	23.990	57.100
Al-masnaê¿ah	48900	23.780	57.630
Suma'il	48500	23.300	57.980
Qurayyat	40300	23.250	58.900
Al-qurm	32100	23.600	58.520
Ibra	29100	22.720	58.530
Hì±asab	18300	26.200	56.250
