Karachi	10889100	24.860	67.010
Lahore	5997200	31.560	74.350
Faisalabad	2342300	31.410	73.110
Rawalpindi	1643800	33.600	73.040
Multan	1396100	30.200	71.450
Hyderabad	1360600	25.380	68.370
Gujranwala	1320500	32.160	74.180
Peshawar	1145900	34.010	71.540
Quetta	658900	30.210	67.020
Islamabad	617000	33.720	73.060
Sargodha	534500	32.080	72.670
Sialkot	491500	32.520	74.550
Bahawalpur	476200	29.390	71.670
Sukkur	391200	27.700	68.850
Jhang	342100	31.280	72.320
Shekhupura	326800	31.720	73.980
Larkana	315100	27.560	68.210
Gujrat	293600	32.580	74.070
Mardan	286700	34.200	72.040
Kasur	286000	31.120	74.450
Rahim yar khan	272300	28.420	70.300
Sahiwal	243400	30.670	73.110
Okara	235300	30.810	73.450
Wah	231400	33.770	72.750
Dera ghazi khan	219400	30.060	70.640
Mirpur khas	215100	25.530	69.010
Nawabshah	213500	26.240	68.400
Mingaora	203400	34.780	72.360
Chiniot	197400	31.720	72.980
Kamoke	176000	31.980	74.210
Burewala	174700	30.160	72.670
Jhelum	170100	32.940	73.720
Sadiqabad	165000	28.300	70.130
Jacobabad	160600	28.280	68.430
Shikarpur	155400	27.960	68.640
Khanewal	155000	30.310	71.820
Hafizabad	151800	32.070	73.680
Kohat	146100	33.600	71.440
Muzaffargarh	141800	30.070	71.180
Khanpur	137300	28.650	70.650
Gojra	134000	31.150	72.690
Bahawalnagar	127800	30.000	73.250
Muridke	126600	31.810	74.250
Pakpattan	125700	30.350	73.380
Abottabad	123600	34.150	73.200
Jaranwala	120500	31.340	73.410
Tando adam	120500	25.760	68.660
Khairpur	119100	27.530	68.740
Chishtian mandi	118500	29.790	72.840
Daska	118300	32.330	74.360
Dadu	114900	26.730	67.770
Mandi bahauddin	113500	32.590	73.480
Ahmadpur east	112000	29.150	71.260
Kamalia	111100	30.730	72.640
Khuzdar	108500	27.800	66.600
Vihari	107700	30.050	72.340
Dera ismail khan	105400	31.830	70.900
Wazirabad	104500	32.450	74.100
Nowshera	104300	34.010	71.990
Khushab	101800	32.300	72.340
