Lima	8380600	-12.070	-77.050
Arequipa	865100	-16.390	-71.530
Trujillo	752200	-8.110	-79.030
Chiclayo	620900	-6.760	-79.840
Iquitos	416400	-3.750	-73.200
Piura	375700	-5.190	-80.630
Huancayo	365800	-12.070	-75.210
Chimbote	346400	-9.070	-78.600
Cusco	342200	-13.520	-71.990
Pucallpa	292800	-8.390	-74.530
Tacna	281600	-18.020	-70.250
Ica	223000	-14.060	-75.750
Sullana	186100	-4.890	-80.680
Juliaca	160900	-15.500	-70.140
Huanuco	160300	-9.920	-76.240
Ayacucho	149200	-13.170	-74.220
Chincha alta	131000	-13.420	-76.140
Tarapoto	116800	-6.510	-76.480
Cajamarca	115300	-7.160	-78.520
Talara	114400	-4.580	-81.280
Puno	108700	-15.840	-70.050
Tumbes	106600	-3.570	-80.460
Chosica	100600	-11.930	-76.710
Huaraz	93600	-9.530	-77.530
Catacaos	81300	-5.270	-80.680
Huaral	81200	-11.500	-77.210
Cerro de pasco	71300	-10.690	-76.270
Pisco	66300	-13.710	-76.220
Huacho	65400	-11.110	-77.620
Chulucanas	64900	-5.090	-80.170
Ilo	64400	-17.640	-71.340
Abancay	63000	-13.640	-72.890
Tarma	59800	-11.410	-75.730
Barranca	57400	-10.740	-77.770
Moquegua	54900	-17.190	-70.940
Paita	53000	-5.090	-81.120
Tingo maria	52400	-9.290	-75.990
Jaen	52300	-5.710	-78.810
Lambayeque	49000	-6.690	-79.910
Picsi	43200	-6.720	-79.790
Chepen	43100	-7.220	-79.420
Yurimaguas	41700	-5.910	-76.100
Huancavelica	40600	-12.790	-74.990
Moyobamba	40400	-6.030	-76.970
Tambopata	39200	-12.730	-69.180
Sicuani	38900	-14.290	-71.230
Sana	38000	-6.910	-79.580
Juanjui	37300	-7.170	-76.740
Ferrenafe	35600	-6.630	-79.800
Imperial	34900	-13.070	-76.360
Nuevo imperial	34900	-13.080	-76.330
Puerto maldonado	34400	-12.600	-69.200
La union	32900	-5.400	-80.740
La oroya	31700	-11.520	-75.940
La arena	30900	-5.330	-80.680
Chocope	30200	-7.780	-79.230
Paramonga	29800	-10.670	-77.840
Pacasmayo	29500	-7.400	-79.570
Chancay	29100	-11.560	-77.270
Chaupimarca	28800	-10.430	-76.540
