Manila	10330100	14.620	120.970
Davao	951000	7.110	125.630
Cebu	776600	10.320	123.900
Cagayan	463900	8.450	124.670
Bacolod	452500	10.630	122.970
Iloilo	390900	10.690	122.550
Bacoor	339400	14.460	120.940
Mandaue	309700	10.330	123.930
Angeles	292600	15.150	120.550
Baguio	273100	16.430	120.570
Cainta	272700	14.580	121.120
San pedro	256200	14.290	121.410
San fernando	250500	15.030	120.690
Lucena	240500	13.950	121.600
Lapu-lapu	218100	10.330	123.930
Binan	216800	14.340	121.080
Calamba	215600	14.210	121.150
General santos	211900	6.100	125.250
Olongapo	210500	14.820	120.280
Taytay	195900	14.570	121.130
Malolos	191300	14.850	120.810
Binangonan	190400	14.480	121.190
Tacloban	189100	11.290	125.020
Santa rosa	187100	14.440	120.880
Cotabato	178200	7.230	124.250
Meycauayan	177900	14.730	120.910
Antipolo	169900	14.590	121.170
Zamboanga	163700	6.920	122.080
Toledo	152500	10.380	123.640
Calbayog	146100	12.070	124.630
Naga	145600	13.600	123.200
Marawi	144600	8.000	124.290
Los banos	142900	14.180	121.180
San pablo	138900	14.050	121.320
Cabanatuan	136500	15.500	120.970
Dagupan	136200	16.030	120.350
Roxas	134700	11.600	122.750
Baliuag	133800	14.960	120.890
Cavite	125400	14.470	120.900
Guagua	123800	14.970	120.630
Butuan	123700	8.930	125.520
San mateo	120200	14.710	121.130
Santiago	118300	16.690	121.540
Santa cruz	117700	14.290	121.410
Tagum	117600	7.380	125.810
General mariano alvarez	117500		
Dumaguete	116300	9.320	123.310
Montalban	110900	14.740	121.120
Gapan	109600	15.310	120.940
Sultan kudarat	104100	7.300	124.270
Tanay	103100	14.500	121.290
Tuguegarao	103000	17.620	121.720
Bislig	101500	8.220	126.320
Danao	100300	10.530	124.030
Puerto princessa	96700	9.740	118.720
Santo tomas	95400	14.990	120.730
Iriga	94600	13.420	123.400
Calumpit	91900	14.910	120.770
Jolo	91900	6.050	120.990
Legaspi	90800	13.170	123.750
