Port moresby	307900	-9.480	147.180
Lae	113400	-6.720	146.990
Madang	35600	-5.230	145.790
Wewak	30100	-3.560	143.620
Arawa	21500	-6.230	155.560
Goroka	19200	-6.090	145.380
Vanimo	16700	-2.690	141.300
Kimbe	15400	-5.550	150.140
Rabaul	15300	-4.200	152.160
Mount hagen	15000	-5.860	144.220
Daru	11000	-9.070	143.210
Kavieng	10600	-2.580	150.790
Alotau	10100	-10.300	150.450
Mendi	9900	-6.140	143.650
Popondetta	9900	-8.770	148.240
Bulolo	9000	-7.190	146.650
Kiunga	8600	-6.120	141.300
Kundiawa	8400	-6.020	144.960
Lorengau	8100	-2.030	147.280
Wau	8100	-7.320	146.720
Kieta	6000	-6.210	155.620
Wabag	5900	-5.490	143.710
Kokoda	5500	-8.870	147.740
Kainantu	5200	-6.270	145.870
Kerema	5000	-7.960	145.770
Panguna	4800	-6.240	155.500
Aitape	4400	-3.120	142.350
Kokopo	4400	-4.340	152.270
Sohano	2000	-5.430	154.660
Morehead	1900	-8.550	141.650
Ambunti	1600	-4.220	142.830
Porgera	1600	-5.460	143.200
Samarai	1500	-10.610	150.670
Angoram	1300	-4.060	144.070
Buin	1200	-6.820	155.730
Namatanai	1200	-3.660	152.440
Finschhafen	961	-6.590	147.850
Laiagam	961	-5.270	143.770
Kandrian	824	-6.210	149.550
