Warszawa	1676600	52.260	21.020
Lodz	776400	51.770	19.460
Krakow	757800	50.060	19.960
Wroclaw	636800	51.110	17.030
Poznan	574100	52.400	16.900
Gdansk	462000	54.360	18.640
Szczecin	414200	53.430	14.530
Bydgoszcz	369500	53.120	18.010
Lublin	358400	51.240	22.570
Katowice	321100	50.260	19.020
Bialystok	291300	53.140	23.160
Gdynia	253800	54.520	18.530
Czestochowa	249200	50.810	19.130
Sosnowiec	229200	50.280	19.120
Radom	228100	51.400	21.160
Kielce	210000	50.890	20.650
Torun	209700	53.020	18.610
Gliwice	200700	50.310	18.670
Zabrze	193200	50.300	18.780
Bytom	190700	50.350	18.910
Bielsko-biala	176900	49.820	19.050
Olsztyn	172300	53.780	20.490
Rzeszow	159000	50.050	22.000
Ruda slaska	147800	50.300	18.880
Rybnik	142400	50.100	18.550
Tychy	132000	50.160	19.000
Dabrowa gornicza	131100	50.330	19.180
Walbrzych	128500	50.780	16.280
Opole	128300	50.680	17.940
Plock	127900	52.550	19.700
Elblag	127800	54.180	19.400
Gorzow wielkopolski	125000	52.740	15.230
Wloclawek	120700	52.660	19.060
Tarnow	118900	50.010	20.990
Zielona gora	118300	51.940	15.490
Chorzow	115000	50.300	19.030
Kalisz	109100	51.770	18.100
Koszalin	107900	54.190	16.180
Legnica	106400	51.210	16.160
Grudziadz	99800	53.490	18.750
Slupsk	99300	54.470	17.020
Jaworzno	96500	50.210	19.270
Jastrzebie-zdroj	96200	49.990	18.590
Jelenia gora	88100	50.910	15.730
Nowy sacz	84600	49.630	20.700
Konin	81700	52.210	18.250
Piotrkow trybunalski	80400	51.410	19.700
Lubin	77900	51.400	16.200
Inowroclaw	77800	52.780	18.250
Siedlce	76700	52.170	22.280
Myslowice	75400	50.240	19.140
Pila	75300	53.150	16.740
Ostrowiec swietokrzyski	74600	50.950	21.390
Siemianowice slaskie	73500	50.330	19.050
Ostrow wielkopolski	73200	51.660	17.800
Pabianice	71500	51.670	19.350
Stargard szczecinski	71200	53.340	15.020
Gniezno	70200	52.530	17.610
Glogow	69300	51.670	16.080
Suwalki	69000	54.110	22.940
