Bucuresti	1897100	44.440	26.100
Iasi	318400	47.170	27.570
Cluj-napoca	314800	46.780	23.590
Timisoara	314500	45.760	21.230
Constanta	307400	44.180	28.630
Craiova	299600	44.330	23.820
Galati	295600	45.440	28.040
Brasov	281000	45.660	25.610
Ploiesti	230100	44.940	26.030
Braila	214800	45.280	27.970
Oradea	204500	47.070	21.920
Bacau	174200	46.580	26.920
Arad	171100	46.190	21.320
Pitesti	167100	44.860	24.870
Sibiu	153500	45.790	24.130
Targu-mures	148100	46.550	24.560
Baia mare	136600	47.660	23.580
Buzau	131800	45.150	26.820
Satu mare	114500	47.790	22.890
Botosani	114200	47.750	26.670
Ramnicu valcea	106600	45.110	24.380
Suceava	105100	47.640	26.260
Piatra neamt	104400	46.940	26.370
Drobeta-turnu severin	103000	44.640	22.660
Focsani	102200	45.700	27.180
Targu jiu	95600	45.050	23.260
Tulcea	91800	45.190	28.800
Targoviste	88500	44.950	25.450
Resita	83100	45.300	21.890
Bistrita	80600	47.140	24.500
Slatina	78400	44.440	24.360
Hunedoara	70700	45.770	22.920
Vaslui	69600	46.650	27.730
Calarasi	69300	44.200	27.330
Giurgiu	68900	43.900	25.970
Roman	68800	46.930	26.930
Deva	68700	45.890	22.910
Barlad	68500	46.230	27.660
Alba iulia	65700	46.080	23.570
Zalau	62700	47.180	23.060
Sfantu gheorghe	60900	45.870	25.790
Turda	55200	46.570	23.780
Medias	54600	46.170	24.360
Slobozia	52100	44.570	27.380
Onesti	51200	46.260	26.760
Alexandria	50100	43.990	25.340
Petrosani	45000	45.410	23.380
Lugoj	44100	45.690	21.910
Medgidia	43400	44.250	28.280
Pascani	41700	47.250	26.720
Tecuci	41600	45.860	27.430
Miercurea-ciuc	41400	46.370	25.810
Sighetu marmatiei	40800	47.930	23.910
Mangalia	39600	43.830	28.580
Campina	38400	45.130	25.740
Ramnicu sarat	38400	45.380	27.060
Dej	38100	47.150	23.890
Campulung	37900	45.270	25.040
Odorheiu secuiesc	36600	46.320	25.300
Reghin	35700	46.780	24.710
