Moskva	11102300	55.750	37.620
Sankt-peterburg	4079400	59.930	30.320
Novosibirsk	1434100	55.040	82.930
Jekaterinburg	1299700	56.850	60.600
Niznij novgorod	1266500	56.330	44.000
Samara	1152200	53.200	50.150
Omsk	1109800	55.000	73.400
Kazan	1108100	55.750	49.130
Rostov na donu	1107300	47.240	39.710
Celjabinsk	1066300	55.150	61.430
Volgograd	1025900	48.710	44.480
Ufa	1011100	54.780	56.040
Perm	981200	58.000	56.250
Krasnojarsk	922500	56.020	93.060
Saratov	867600	51.570	46.030
Voronez	805600	51.720	39.260
Toljatti	685900	53.480	49.510
Krasnodar	653300	45.030	38.980
Izevsk	611100	56.850	53.230
Barnaul	610800	53.360	83.750
Uljanovsk	605100	54.330	48.400
Jaroslavl	604000	57.620	39.870
Irkutsk	582200	52.330	104.240
Vladivostok	578100	43.130	131.900
Orenburg	562200	51.780	55.100
Habarovsk	556900	48.420	135.120
Novokuzneck	536800	53.750	87.100
Astrahan	513400	46.350	48.050
Tjumen	511500	57.150	65.530
Rjazan	508700	54.620	39.740
Nabereznyje celny	506700	55.690	52.320
Mahackala	502000	42.980	47.500
Penza	500500	53.200	45.000
Lipeck	492900	52.620	39.620
Tomsk	488300	56.500	84.970
Kemerovo	474800	55.330	86.080
Tula	459700	54.200	37.610
Kirov	444100	58.600	49.660
Kaliningrad	434700	54.710	20.500
Ceboksary	424400	56.130	47.250
Brjansk	409900	53.260	34.420
Magnitogorsk	409800	53.420	58.970
Ivanovo	407400	57.010	40.990
Kursk	387000	51.730	36.190
Niznij tagil	386700	57.920	59.970
Tver	376400	56.860	35.890
Stavropol	364400	45.040	41.970
Ulan-ude	346400	51.830	107.620
Arhangelsk	343500	64.570	40.530
Belgorod	334800	50.610	36.590
Volzskij	329100	48.790	44.770
Kaluga	327700	54.540	36.270
Kurgan	326500	55.450	65.330
Vladikavkaz	324400	43.040	44.680
Orjol	321500	52.970	36.080
Soci	313900	43.600	39.730
Cita	313300	52.050	113.460
Murmansk	308100	68.960	33.080
Smolensk	302600	54.780	32.040
Nalcik	300700	43.500	43.620
