Ar-riyadì¨	3561500	24.650	46.770
Jiddah	2643200	21.500	39.170
Makkah	1618400	21.430	39.820
Al-madinah	854500	24.480	39.590
Ad-dammam	707300	26.430	50.100
At-ta'if	657500	21.260	40.380
Tabuk	374500	28.390	36.570
Buraydah	314000	26.370	43.970
Al-hufuf	294500	25.350	49.580
Al-mubarraz	286500	25.430	49.570
Hì±amis musayt	285100	18.310	42.730
Hì¨a'il	229500	27.530	41.700
Al-hì±arj	194500	24.180	47.500
Al-hì±ubar	187000	26.230	50.200
Hì¨afar-al-batin	181000	28.430	45.960
Atì¨ì±-tì¨ì±uqbah	164800	26.270	50.200
Abha	146700	18.230	42.500
Araê¿ar	138300	30.990	41.020
Al-qatif	129400	26.520	50.020
Al-hì¨awiyah	122800	28.980	38.570
Ê¿unayzah	119200	26.090	43.990
Najran	114600	17.500	44.130
Yanbu	109600	24.090	38.050
Al-jubayl	103000	27.010	49.650
Azì¨-zì¨ahran	96400	26.290	50.160
Al-qurayyah	95400	31.330	37.340
Sakakah	86000	29.970	40.200
Sayhat	75900	26.470	50.050
Ar-rass	74400	25.870	43.500
Jizan	69600	16.900	42.550
Al-hì±afji	65000	28.420	48.510
Rahì¨imah	59500	26.700	50.060
Bisah	56900	20.010	42.600
Az-zulfi	54500	26.300	44.800
Al-jawf	53800	29.810	39.870
Tarut	49800	26.570	50.070
Ad-dawadimi	49500	24.490	44.380
Safwah	48800	26.650	49.960
Sarurah	48500	17.470	47.120
Abu ê¿aris	46000	16.970	42.830
Sabya	45700	17.150	42.620
Turayf	41900	31.670	38.660
Buqayq	41800	25.930	49.670
Rabig	41800	22.800	39.020
Rafhì¨ah	39400	29.630	43.500
Ad-dilam	38700	24.000	47.170
Al-majmaê¿ah	38600		
Ê¿afif	36700	23.920	42.930
Umm lajj	33200	25.020	37.270
Dì¨ariyah	30700	24.740	42.920
Al-bahì¨ah	20400	20.020	41.470
