Umm durman	2153600	15.650	32.480
Al-hì±artum	1426300	15.580	32.520
Al-hì±artum bahì¨ri	1256400	15.640	32.520
Bur sudan	459600	19.630	37.120
Niyala	385000	12.060	24.890
Al-ubayyidì¨	350200	13.190	30.220
Kassala	342700	15.460	36.390
Al-qadì¨arif	309400	14.040	35.380
Wad madani	290700	14.400	33.510
Kusti	230600	13.170	32.660
Al-fasir	188500	13.630	25.350
Juba	165300	4.850	31.600
Al-junaynah	142600	13.450	22.440
Ad-damazin	130800	11.770	34.350
Al-manaqil	117400	14.250	32.980
Kaduqli	110100	11.010	29.700
Adì¨-dì¨uê¿ayn	109700	11.430	26.160
Sinnar	108400	13.550	33.600
Ê¿atbarah	105400	17.710	33.980
Rabak	91600	13.180	32.740
Malakal	89200	9.530	31.650
Umm ruwabah	86900	12.910	31.200
Waw	86100	7.700	27.990
Ad-duwaym	81900	13.990	32.300
Hì¨alfa al-jadidah	80600	15.320	35.580
Ad-damir	78400	17.590	33.960
An-nuhud	72100	12.690	28.420
Sandi	66900	16.680	33.420
Yei	65100	4.090	30.680
Sinjah	54800	13.160	33.930
Uwayl	50700	8.780	27.390
Gogrial	43600	8.530	28.110
Yambio	42400	4.580	28.390
Babanusah	41300	11.330	27.800
Ad-dillinj	41300	12.040	29.660
Arbaê¿atun wa ê¿isrun-al-qurasi	36900		
Nasir	36600	8.620	33.040
Rufaê¿ah	36200	14.760	33.360
As-suki	35700	13.320	33.870
Hì±asm-al-qirbah	34000	14.970	35.910
Tandalti	33400	13.010	31.860
Yirol	31700	6.550	30.490
Bur	31100	6.230	31.560
Zalinjay	30900	12.900	23.470
Sawakin	30700	19.100	37.330
Nzara	30600	4.640	28.250
Kodok	29400	9.910	32.120
Mayurnu	29100	13.420	33.650
Rumbik	28200	6.810	29.690
Umm dawm	28200	15.560	32.580
Abu jubayhah	27100	11.450	31.230
Ar-rusayris	26800	11.860	34.370
Asalaya	26200		
Al-hì¨awatah	25700	13.450	34.620
Kinanah	25400	14.030	33.170
Ar-rank	24300	11.760	32.880
Ad-dindar	24200	13.200	34.160
Barbar	23900	18.020	33.990
Ar-rahad	23000	12.730	30.630
Warab	22400	8.180	28.720
