Freetown	1070200	8.490	-13.240
Koidu	115700	8.440	-10.850
Makeni	115600	8.880	-12.050
Bo	83800	7.970	-11.740
Kenema	73600	7.880	-11.190
Koindu	39300	8.380	-10.410
Yengema	24800	8.720	-11.170
Lunsar	24000	8.690	-12.550
Taiama	17800	8.200	-12.060
Port loko	17600	8.770	-12.800
Magburaka	17300	8.720	-11.950
Binkolo	15100	8.950	-11.970
Pepel	12600	8.590	-13.060
Bonthe	12300	7.530	-12.510
Yele	11000	8.420	-11.840
Sefadu	10500	8.650	-10.980
Matru	10300	7.600	-12.180
Kailahun	9800	8.280	-10.580
York	9500	8.290	-13.180
Kabala	9100	9.580	-11.550
Moyamba	9100	8.170	-12.440
Segbwema	8900	8.020	-10.930
Kissy	7900	8.470	-13.190
Kambia	7300	9.120	-12.920
Mambolo	7100	8.920	-13.040
Manowa	6000	8.170	-10.750
Pendembu	5400	8.100	-10.710
Biama	4900	7.850	-11.470
Lungi	4400	8.670	-13.240
Giehun	4200	7.880	-11.050
Pujehun	4000	7.350	-11.720
Bumpe	3600	7.900	-11.920
Daru	3600	7.990	-10.840
