Muqdiso	1234800	2.050	45.330
Hargeysa	328000	9.560	44.060
Berbera	232500	10.440	45.000
Marka	230100	1.720	44.760
Jamame	224700	0.080	42.750
Kismayo	183300	-0.350	42.530
Baydabo	157500	3.120	43.640
Bur昕o	120400	9.530	45.530
Bosaso	90100	11.280	49.180
Afgoye	79400	2.140	45.120
Beled weyne	67200	4.730	45.190
Qoryoley	62700	1.790	44.530
Galka昕yo	57300	6.780	47.420
Garowe	57300	8.410	48.480
Jawhar	57100	2.780	45.510
Bardere	51300	2.340	42.280
Qardo	47400	9.500	49.080
士erigabo	41000	10.630	47.360
Luq	41000	3.790	42.540
Jilib	40900	0.500	42.770
Las昕anod	39500	8.400	47.330
Borama	39100	9.920	43.190
Bur hakkaba	33700	2.800	44.080
Barawe	32800	1.110	44.020
士eldere	32200	3.850	47.180
Dolaw	26800	4.170	42.080
Wanlaweyn	26700	2.620	44.890
Bal昕ad	24100	4.480	45.300
Awdegle	22700	1.990	44.830
Eyl	21700	7.980	49.820
Bulobarde	20500	3.860	45.570
Dinsor	19600	2.480	42.970
Qandala	19300	11.460	49.870
Bandarbeyla	16700	9.500	50.810
Garbaharey	15400	3.330	42.230
Afmadu	14500	0.520	42.060
Bereda	13700	11.850	51.050
Xafun	13200	10.420	51.260
Xuddur	12500	4.100	43.870
Baki	12400	10.530	43.120
Hobyo	11800	5.350	48.520
Jalalassi	11800	3.390	45.590
士adadlay	11600	9.770	44.650
士elbur	11000	4.690	46.620
Dusa marreb	10500	5.750	46.510
Mahadday weyne	10000	2.990	45.530
Sa昕o	9600	1.630	42.440
Sayla昕	8600	11.360	43.500
Lasqoray	8400	11.150	48.180
Bargal	8200	11.270	51.050
Wajid	8100	3.820	43.240
Yet	7900	4.530	43.030
Gebilay	7800	9.700	43.110
Bandarmu昕ayo	7300	11.660	50.440
Iskusuban	7000	10.260	50.230
Odweyne	6700	9.410	45.060
士adale	6500	2.750	46.300
士alula	6100	11.970	50.760
士ek	5200	9.000	45.360
Bur gabo	3800	-1.210	41.830
