Bratislava	428800	48.160	17.130
Kosice	232300	48.730	21.260
Presov	92100	48.990	21.240
Nitra	87100	48.310	18.080
Zilina	84400	49.220	18.740
Banska bystrica	82100	48.740	19.150
Trnava	70600	48.380	17.580
Martin	59500	49.070	18.910
Trencin	57000	48.900	18.050
Poprad	56600	49.060	20.300
Prievidza	52500	48.780	18.620
Zvolen	43200	48.580	19.140
Povazska bystrica	42300	49.120	18.440
Nove zamky	41500	47.980	18.160
Spisska nova ves	39300	48.950	20.560
Michalovce	39100	48.760	21.910
Komarno	37100	47.760	18.130
Levice	36200	48.220	18.600
Humenne	34200	48.930	21.910
Bardejov	33100	49.290	21.270
Liptovsky mikulas	32500	49.080	19.610
Piest'any	30600	48.600	17.820
Ruzomberok	30000	49.080	19.310
Topol'cany	28500	48.570	18.160
Lucenec	28000	48.340	19.660
Cadca	26700	49.440	18.780
Dubnica	25800	48.970	18.180
Rimavska sobota	24800	48.390	20.020
Partizanske	24600	48.640	18.400
Sal'a	24200	48.150	17.880
Hlohovec	23500	48.440	17.800
Dunajska streda	23200	48.000	17.610
Brezno	22800	48.810	19.640
Vranov	22800	48.890	21.690
Trebisov	22300	48.640	21.730
Nove mesto	21200	48.750	17.830
Senica	21200	48.680	17.370
Snina	21200	48.990	22.150
Kezmarok	21100	49.140	20.420
Banovce	20700	48.720	18.250
Pezinok	20600	48.290	17.270
Dolny kubin	19900	49.220	19.300
Ziar	19600	48.590	18.860
Roznava	19300	48.670	20.540
Puchov	18800	49.120	18.320
Handlova	18000	48.730	18.760
Malacky	17800	48.440	17.020
Sered'	17400	48.300	17.740
Kysucke nove mesto	16600	49.300	18.780
Galanta	16400	48.200	17.730
Stara l'ubovna	16200	49.300	20.690
Zlate moravce	15600	48.390	18.400
Detva	15100	48.580	19.330
Skalica	15000	48.850	17.230
Senec	14700	48.230	17.400
Levoca	14400	48.220	18.610
Vel'ky krtis	14000	48.200	19.350
Revuca	13500	48.690	20.110
Myjava	13100	48.770	17.570
Nova dubnica	12400	48.950	18.140
