Ljubljana	258700	46.060	14.510
Maribor	92600	46.550	15.640
Celje	37100	46.240	15.270
Kranj	35100	46.250	14.360
Velenje	26600	46.370	15.110
Koper	23200	45.550	13.730
Novo mesto	22400	45.800	15.160
Ptuj	18200	46.420	15.860
Trbovlje	16200	46.150	15.030
Jesenice	13200	46.440	14.040
Nova gorica	13100	45.950	13.650
Kamnik	12100	46.230	14.600
Murska sobota	12100	46.660	16.150
Skofja loka	12100	46.170	14.290
Domzale	11400	46.140	14.600
Izola	10200	45.540	13.660
Kocevje	8900	45.650	14.860
Postojna	8500	45.780	14.210
Logatec	7700	45.920	14.230
Ravne	7700	45.970	15.000
Slovenj gradec	7700	46.520	15.080
Vrhnika	7500	45.970	14.290
Krsko	6900	45.970	15.470
Zagorje ob savi	6900	46.140	15.000
Slovenska bistrica	6500	46.400	15.560
Brezice	6400	45.900	15.580
Litija	6400	46.060	14.830
Ajdovscina	6300	45.890	13.900
Grosuplje	6200	45.960	14.660
Radovljica	6000	46.370	14.170
Hrastnik	5900	46.150	15.100
Idrija	5900	46.000	14.020
Crnomelj	5800	45.570	15.190
Menges	5700	46.170	14.580
Lucija	5600	45.500	13.610
Bled	5200	46.380	14.110
Medvode	4900	46.130	14.430
Sevnica	4900	46.010	15.320
Zalec	4900	46.250	15.170
Ilirska bistrica	4800	45.570	14.240
Sezana	4800	45.710	13.870
Slovenske konjice	4800	46.340	15.430
Rogaska slatina	4700	46.240	15.640
Sentjur	4700	46.220	15.400
Prevalje	4500	46.550	14.920
Ruse	4500	46.540	15.520
Piran	4000	45.530	13.560
Trzic	3900	46.370	14.320
Miklavz na dravskem polju	3800	46.510	15.700
Sempeter	3800	45.930	13.640
Tolmin	3700	46.190	13.740
Ziri	3600	46.040	14.110
Cerknica	3500	45.800	14.370
Mezica	3500	46.520	14.850
Ribnica	3500	45.740	14.730
Dravograd	3400	46.590	15.020
Lasko	3400	46.150	15.240
Lendava	3400	46.560	16.450
Ljutomer	3400	46.520	16.200
Trzin	3400	46.130	14.570
