Stockholm	1250400	59.330	18.070
Goteborg	510300	57.720	12.010
Malmo	258600	55.610	13.020
Uppsala	127400	59.860	17.640
Vasteras	105700	59.620	16.540
Orebro	97700	59.280	15.220
Linkoping	96100	58.410	15.630
Helsingborg	90400	56.050	12.700
Jonkoping	83100	57.780	14.170
Norrkoping	82900	58.600	16.170
Lund	75800	55.710	13.200
Umea	73200	63.830	20.240
Gavle	68300	60.690	17.130
Boras	62900	57.730	12.940
Sodertalje	60200	59.200	17.630
Eskilstuna	58600	59.370	16.510
Taby	58400	59.500	18.070
Karlstad	57300	59.380	13.510
Halmstad	55200	56.670	12.860
Vaxjo	53100	56.880	14.800
Sundsvall	48300	62.400	17.330
Lulea	45400	65.600	22.160
Trollhattan	44400	58.290	12.300
Ostersund	43000	63.180	14.650
Borlange	38900	60.490	15.440
Upplands-vasby	36600	59.530	17.920
Tumba	35600	59.200	17.810
Falun	35300	60.610	15.620
Kalmar	34400	56.670	16.360
Skovde	32600	58.380	13.840
Karlskrona	32300	56.180	15.590
Kristianstad	32100	56.030	14.150
Skelleftea	31100	64.760	20.990
Lidingo	30900	59.370	18.150
Uddevalla	30200	58.350	11.930
Motala	29800	58.540	15.040
Ornskoldsvik	27900	63.300	18.720
Landskrona	27800	55.880	12.830
Karlskoga	27400	59.330	14.500
Nykoping	27400	58.760	17.020
Akersberga	26400	59.480	18.310
Vallentuna	26400	59.540	18.080
Varberg	25700	57.110	12.250
Trelleborg	25400	55.380	13.150
Lidkoping	24600	58.510	13.160
Marsta	23000	59.630	17.840
Alingsas	22700	57.930	12.540
Angelholm	22300	56.250	12.870
Sandviken	22300	60.620	16.770
Pitea	22100	65.320	21.510
Visby	22000	57.640	18.300
Vanersborg	21700	58.370	12.330
Boo	21500	59.310	18.140
Katrineholm	21100	58.990	16.200
Kungalv	21000	57.870	11.990
Vastervik	20100	57.760	16.630
Enkoping	19700	59.650	17.090
Falkenberg	18500	56.900	12.510
Boden	18400	65.830	21.700
Kungsbacka	18300	57.510	12.100
