Manzini	95700	-26.490	31.380
Mbabane	70500	-26.320	31.140
Matsapha	21700	-26.530	31.300
Big bend	11400	-26.810	31.940
Mhlume	9300	-26.030	31.850
Malkerns	9000	-26.570	31.180
Nhlangano	7900	-27.110	31.120
Hluti	7100	-27.230	31.610
Simunye	6800	-26.180	31.950
Pigg's peak	5600	-25.960	31.240
Siteki	5100	-26.460	31.950
Ngomane	4700		
Lobamba	4400	-26.460	31.200
Vuvulane	4400		
Kwaluseni	3300	-26.480	31.340
Mondi	3300		
Bhunya	3200	-26.560	31.010
Mhlambanyatsi	3100	-26.450	31.020
Thabankulu	3100		
Bulembu	3000	-25.950	31.130
Tshaneni	2700	-25.980	31.720
Mpaka	2600	-26.430	31.770
Hlatikulu	2500	-26.960	31.320
Kubuta	2100	-26.870	31.470
Sidvokodvo	1900	-26.640	31.430
Ezulwini	1700	-26.410	31.150
Lavumisa	1400	-27.290	31.880
Mankayane	1300	-26.490	31.070
Nsoko	1200	-27.040	31.930
Ngwenya	1000	-26.220	31.040
