H , alab	1975200	36.230	37.170
Dimasq	1614500	33.500	36.320
Hì¨ims	800400	34.730	36.720
Al-ladiqiyah	468700	35.540	35.780
Hì¨amah	366800	35.150	36.730
Dayr az-zawr	239800	35.330	40.130
Ar-raqqah	229100	35.930	39.020
Al-hì¨asakah	211300	36.500	40.760
Al-qamisli	210300	37.030	41.230
Jaramana	192800	33.470	36.360
Tartus	162300	34.900	35.890
Duma	104600	33.580	36.390
Darê¿a	103300	32.630	36.100
Atì¨ì±-tì¨ì±awrah	102100	35.850	38.580
Manbij	99300	36.540	37.960
Idlib	93800	35.940	36.630
As-suwayda	85800	32.710	36.560
Salamiyah	85400	35.020	37.050
Darayya	69200	33.430	36.250
Maê¿arrat-an-nuê¿man	61400	35.660	36.670
Jablah	59400	35.370	35.940
Jisr-as-suä ur	53000	35.810	36.320
Al-bab	51800	36.370	37.530
Nawa	49700	32.900	36.040
Abu kamal	47800	34.450	40.930
Kabir-as-sit	47800		
Baniyas	47400	35.180	35.960
Tudmur	42100	34.550	38.280
Arihì¨a	39300	35.820	36.620
Hì¨arasta al-bas	38600	33.550	36.360
Al-mayadin	37600	35.020	40.460
An-nabk	36500	34.030	36.730
Al-qunaytirah	35600	33.130	35.820
Al-hajar al-aswad	35500		
As-safirah	34800	36.080	37.380
Ar-rastan	34500	34.930	36.740
Al-qusayr	33900	34.510	36.570
Masyaf	32300	35.060	36.350
Muhì¨radah	31900	35.250	36.580
Qatana	31200	33.430	36.090
Az-zabadani	29300	33.720	36.080
Aê¿zaz	28600	36.590	37.060
At-tall	26700	33.610	36.320
Yabrud	25700	33.970	36.660
Ra's-al-ê¿ayn	25200	36.850	40.080
Ê¿afrin	24900	36.510	36.870
Al-malikiyah	23400	37.180	42.150
Ê¿ayn-al-ê¿arab	20300	36.890	38.370
Safita	20000	34.820	36.130
Al-qutayfah	18500	33.750	36.600
