N'djamena	704200	12.110	15.050
Moundou	136900	8.550	16.090
Sarh	100100	9.150	18.390
Abeche	72500	13.840	20.830
Kelo	41500	9.310	15.810
Koumra	35400	8.910	17.550
Pala	34600	9.360	14.900
Am timan	28200	11.050	20.280
Bongor	27100	10.280	15.370
Mongo	27100	12.190	18.690
Doba	23800	8.660	16.850
Ati	23500	13.220	18.330
La„è	18900	9.390	16.300
Oum hadjer	18800	13.310	19.680
Bitkine	18100	11.990	18.210
Mao	17600	14.120	15.310
Massaguet	17500	12.470	15.440
Dourbali	17300	11.800	15.860
Lere	16700	9.770	14.150
Kyabe	15800	9.450	18.940
Benoy	15300	8.990	16.320
Massakory	15000	12.990	15.740
Moussoro	14800	13.620	16.520
Bokoro	14400	12.380	17.060
Bere	14300	9.320	16.160
Bousso	13200	10.460	16.730
Faya	13100	17.940	19.120
Fianga	13100	9.850	15.080
Bebidjia	12400	8.670	16.570
Ngama	12100	11.780	17.160
Adre	11600	13.470	22.200
Guelengdeng	11100	10.910	15.550
Mo„èssala	11000	8.340	17.770
Biltine	10700	14.540	20.920
Bol	10300	7.670	15.910
Goundi	9800	9.360	17.370
Gounou gaya	9300	9.630	15.520
Beinamar	7300	8.660	15.390
Ba„èbokoum	6700	8.230	16.250
Melfi	5700	11.060	17.940
Mangueigne	4900	10.520	21.310
Massenya	4900	11.400	16.170
Fada	4300	17.190	21.580
Beboto	4100	8.270	16.930
Abou deia	3200	11.470	19.290
Am dam	2900	12.770	20.470
Barda„è	2300	21.350	16.980
Aouzou	1800	21.810	17.450
Rig-rig	865	14.260	14.360
