Lome	695100	6.170	1.350
Sokode	89800	8.990	1.150
Kpalime	78600	6.900	0.630
Atakpame	67100	7.530	1.120
Kara	51000	9.550	1.190
Tsevie	37900	6.420	1.210
Dapaong	31800	10.850	0.210
Bassar	31500	9.260	0.790
Aneho	26600	6.220	1.580
Notse	24800	6.950	1.170
Tchamba	24400	9.020	1.410
Mango	24200	10.350	0.450
Badou	22600	7.590	0.600
Niamtougou	21900	9.770	1.110
Bafilo	21300	9.340	1.240
Vogan	20900	6.330	1.520
Sotouboua	20100	8.560	0.980
Blitta	17900	8.320	0.990
Tandjouare	16900	10.630	0.530
Anie	16200	7.760	1.200
Kouve	14700	6.670	1.420
Kpessi	14200	8.070	1.260
Tabligbo	13900	6.580	1.500
Amlame	11100	7.460	0.900
Guerin kouka	10900	9.690	0.610
Kande	10800	9.950	1.050
Agbelouve	10300	6.670	1.170
Kpagouda	7300	9.750	1.320
