Dushanbe	599900	38.570	68.780
Khujand	148300	40.290	69.620
Kulob	74000	37.920	69.780
Qurgonteppa	62600	37.840	68.770
Konibodom	50300	40.290	70.430
Uroteppa	49400	39.920	69.000
Kofarnihon	44900	38.550	69.010
Tursunzoda	41100	38.510	68.220
Isfara	39200	40.130	70.640
Panjakent	34100	39.500	67.600
Khorug	32600	37.490	71.550
Leninskiy	26600	38.440	68.760
Vose	23500	37.800	69.640
Yovon	23400	38.320	69.040
Chkalov	21500	40.240	69.730
Tugalan	20300	37.590	68.660
Nurak	19700	38.390	69.330
Farkhor	19100	37.490	69.390
Hisor	18800	38.530	68.550
Moskva	17400	37.620	69.700
Dangara	16900	38.100	69.330
Vakhsh	16900	37.720	68.820
Proletarsk	16500	40.170	69.510
Matcha	14900	40.350	69.400
Gafurov	14100	40.200	69.800
Zafarobod	13900	39.390	68.550
Adrasmon	13400	40.640	69.980
Shaartuz	13300	37.260	68.130
Buston	13100	40.530	69.330
Nau	12600	40.150	69.370
Garm	11600	39.030	70.360
Taboshar	11300	40.580	69.630
Asht	10500	40.670	70.330
Sarband	10500	37.870	68.920
Muminobod	10400	38.110	70.030
Murgob	10000	38.160	73.940
Obigarm	9900	38.720	69.700
Kuybyshev	9700	37.950	68.820
Khojamaston	9600	38.730	68.620
Qayroqqum	9300	40.280	69.790
Mehnatabad	8900	40.170	69.020
Sharora	8700	38.570	68.660
Dusti	8500	37.350	68.670
Garavuti	8300	37.570	68.430
Pakhtakoron	8300	40.170	68.750
Ganci	7800	39.970	69.100
Chichka	7700	37.760	68.750
Kirov	7700	37.820	68.850
Oktyabrskiy	7600	38.530	68.330
Sovetskiy	7600	38.030	69.580
Pyanj	7500	37.240	69.090
Rogun	7500	38.780	69.870
Kuybyshevski	7100	37.980	68.690
Navabadski	6500	38.580	68.750
Kumsangir	6400	37.430	68.680
Orzu	5800	37.600	68.820
Jilikul	5300	37.480	68.530
Navabad	5300	39.020	70.170
Shakhrinau	5300	38.570	68.330
Kansay	5100	40.480	69.690
