Asgabat	773400	37.950	58.380
Turkmenabat	242000	39.100	63.570
Dasoguz	163100	41.850	59.960
Mari	129200	37.590	61.820
Balkanabat	101600	39.510	54.360
Turkmenbasi	72900	40.020	52.960
Bayramali	69400	37.620	62.160
Tecen	54000	37.380	60.500
Serdar	52700	38.980	56.270
Buzmeyin	38000	38.050	58.190
Boldumsaz	35800	42.140	59.670
Govurdak	33300	37.810	66.050
Komsomolsk	29200	39.020	63.580
Kerki	29000	37.840	65.180
Eloten	27900	37.290	62.360
Kohne urgenc	27400	42.330	59.140
Annau	26600	37.880	58.510
Akdepe	23100	42.050	59.370
Yilanli	21700	41.880	59.630
Gumdag	21600	39.210	54.580
Baherden	20600	38.440	57.430
Danew	18400	39.260	63.170
Gazojak	18400	41.180	61.400
Gazanjyk	18300	39.240	55.510
Gokedepe	17700	38.220	58.010
Khazar	17700	39.410	54.130
Kaka	16600	37.350	59.610
Karakala	15900	38.440	56.280
Sayat	15500	38.780	63.880
Seydi	15500	39.420	62.900
Saragt	14800	36.540	61.210
Tagta	14800	41.660	59.910
Halac	14600	38.070	64.880
Moskva	14400	41.890	59.490
Goturdepe	14300	39.460	53.650
Gubadag	13600	42.100	59.770
Sakarchage	13100	37.660	61.660
Turkmengala	13100	37.390	62.350
Farap	12700	39.170	63.600
Gorelde	12700	40.300	62.340
Derveze	12600	40.170	58.400
Tagtabazar	11900	35.960	62.910
Bekdash	11700	41.540	52.570
Miana	11500	36.870	60.410
Murgab	11500	37.500	61.970
Jebel	11000	39.630	54.240
Esenmengli	10700	38.130	64.710
Adyndaky	10600	39.340	54.160
Babadayhan	10600	37.680	60.400
Birleshik pervi	10500	38.220	58.000
Dushak	10200	37.190	60.010
Mukri	10100	37.580	65.570
Darganata	9900	40.520	62.120
Ovaz jalatay	9600	37.490	60.250
Sharlawuk	9100	38.220	55.650
Gasanguli	8900	37.460	53.970
Ahchadepe	8100	36.760	60.470
Gusgi	7200	35.320	62.410
