Istanbul	9592200	41.010	28.960
Ankara	3500800	39.930	32.850
Izmir	2445800	38.430	27.150
Bursa	1305600	40.200	29.080
Adana	1235700	37.000	35.320
Gaziantep	1018400	37.070	37.390
Konya	811700	37.880	32.480
Antalya	659200	36.890	30.710
Diyarbakir	596700	37.920	40.230
Mersin	587800	36.810	34.630
Kayseri	586200	38.740	35.480
Eskisehir	527600	39.790	30.520
Urfa	421400	37.170	38.790
Malatya	416500	38.360	38.310
Samsun	396900	41.290	36.330
Erzurum	394800	39.910	41.290
Kahramanmaras	356500	37.610	36.940
Van	310900	38.490	43.400
Adapazari	310100	40.790	30.410
Denizli	301100	37.780	29.080
Elazig	291200	38.680	39.230
Gebze	279000	40.810	29.440
Sivas	275200	39.750	37.020
Batman	269600	37.890	41.130
Tarsus	249300	36.920	34.900
Balikesir	235400	39.650	27.880
Trabzon	234900	41.000	39.710
Manisa	234200	38.630	27.430
Kirikkale	224100	39.850	33.520
Izmit	213900	40.770	29.930
Sultanbeyli	211100	40.950	29.280
Adiyaman	195100	37.770	38.280
Osmaniye	190100	37.070	36.250
Kutahya	182100	39.420	29.980
Corum	176300	40.560	34.960
Iskenderun	173900	36.580	36.170
Isparta	167200	37.770	30.550
Antakya	158400	36.200	36.170
Aydin	156600	37.860	27.840
Usak	149700	38.680	29.410
Corlu	143800	41.170	27.800
Aksaray	142000	38.370	34.030
Afyonkarahisar	140500	38.770	30.540
Viransehir	140200	37.240	39.770
Siverek	138600	37.760	39.330
Edirne	130400	41.690	26.560
Inegol	124700	40.090	29.520
Kiziltepe	123600	37.190	40.590
Tokat	123600	40.300	36.560
Ordu	123000	40.990	37.880
Erzincan	117100	39.740	39.500
Tekirdag	117100	40.980	27.520
Nazilli	115500	37.920	28.310
Karaman	115200	37.180	33.220
Karabuk	110100	41.210	32.610
Siirt	107400	37.940	41.950
Bandirma	106500	40.370	27.980
Ceyhan	106300	37.040	35.820
Zonguldak	106300	41.460	31.800
Turhal	104400	40.390	36.070
