Taipei	2609300	25.020	121.450
Kaohsiung	1519800	22.630	120.270
Taichung	1006300	24.150	120.680
Tainan	734800	23.000	120.190
Panchiao	531200	25.020	121.440
Hsinchu	402600	24.820	120.980
Chungho	396400	24.990	121.500
Keelung	394300	25.130	121.730
Sanchung	386600	25.070	121.480
Hsinchuang	366900	25.040	121.440
Fengshan	323000	22.630	120.350
Chungli	320600	24.960	121.220
Taoyuan	311300	25.000	121.310
Chiayi	270800	23.480	120.430
Hsintien	266500	24.960	121.530
Yungho	232500	25.020	121.510
Changhwa	230900	24.080	120.520
Tucheng	224400	24.980	121.440
Pingtung	218800	22.680	120.480
Yungkang	193600	22.940	121.120
Pingchen	187800	24.950	121.210
Tali	172800	24.100	120.670
Fengyuan	163600	23.930	120.300
Pate	161500	24.920	121.280
Luchou	159100	25.080	121.470
Hsichih	150600	25.070	121.650
Shulin	150200	25.000	121.420
Yuanlin	129000	23.960	120.550
Yangmei	125500	24.910	121.130
Taitung	113400	22.760	121.140
Hualian	111100	23.990	121.590
Tanshui	110800	25.190	121.420
Nantou	107000	23.920	120.670
Touliu	101000	23.710	120.530
Tsaotun	98900	23.980	120.680
Kangshan	94100	22.800	120.270
Ilan	94000	24.770	121.740
Miaoli	91900	24.570	120.810
Puli	90100	23.970	120.960
Toufen	88700	24.690	120.910
Chutung	87300	24.730	121.070
Chupei	87200	24.850	121.000
Chingshui	86400	24.280	120.570
Homei	86000	24.110	120.490
Tachi	84200	24.880	121.280
Lukang	84100	24.060	120.430
Sanhsia	80400	24.930	121.360
Tachia	79700	24.350	120.620
Yingko	78600	24.960	121.350
Hsinying	77400	23.300	120.310
Shalu	73200	24.240	120.550
Lotung	69900	24.690	121.760
Chunan	69600	24.700	120.920
Huwei	68100	23.720	120.390
Chushan	63600	23.750	120.660
Tungshih	60900	24.270	120.820
Chaochou	59000	22.550	120.530
Erhlin	58500	23.900	120.370
Chiali	58300	23.170	120.170
Chihu	56300	23.960	120.470
