Dar es salaam	2538100	-6.820	39.280
Mwanza	400300	-2.520	32.890
Zanzibar	372400	-6.160	39.200
Arusha	299200	-3.360	36.670
Mbeya	271600	-8.890	33.430
Morogoro	234200	-6.820	37.660
Tanga	220900	-5.070	39.090
Dodoma	168500	-6.170	35.740
Kigoma	153300	-4.880	29.610
Moshi	152700	-3.340	37.340
Tabora	143100	-5.010	32.820
Songea	115100	-10.680	35.650
Musoma	114500	-1.490	33.800
Iringa	112900	-7.770	35.690
Uvinza	111700	-5.120	30.390
Katumba	105000	-9.230	33.620
Shinyanga	98300	-3.660	33.420
Mtwara	98000	-10.270	40.190
Kilosa	93200	-6.840	36.990
Ushirombo	92900	-3.490	31.960
Sumbawanga	85000	-7.960	31.620
Bagamoyo	75400	-6.440	38.890
Bukoba	65200	-1.320	31.800
Mpanda	63800	-6.360	31.050
Singida	61500	-4.820	34.740
Uyovu	59500	-3.280	31.530
Kalangalala	55500		
Makambako	54000	-8.850	34.830
Mishoma	53000		
Sengerama	52700	-2.650	32.640
Buseresere	52000	-3.020	31.870
Mererani	50800		
Bunda	48900	-2.050	33.870
Katoro	48700	-3.020	31.900
Ifakara	48300	-8.130	36.680
Utengule usongwe	46700	-8.680	33.860
Siha kati	44900		
Njombe	44800	-9.330	34.770
Lindi	44000	-10.000	39.700
Nkome	41200		
Kiranyi	41100		
Nkololo	41000		
Vwawa	40000	-9.110	32.930
Gairo	37700	-6.150	36.870
Kidadu	37300	-7.710	36.960
Nguruka	36900	-5.110	31.040
Tunduma	36500	-9.300	32.770
Masasi	36200	-10.730	38.800
Korogwe	36100	-5.090	38.540
Kidodi	35800	-7.610	36.990
Kasulu	35600	-4.580	30.100
Mafinga	35600	-7.250	35.070
Newala	35300	-10.940	39.270
Isagehe	35000		
Mikindani	34900	-10.290	40.100
Missungwi	34900	-2.850	33.080
Mlimba	34800	-8.800	35.820
Igunga	34700	-4.280	33.880
Chalinze	34400	-6.600	38.350
Kahama	34200	-3.820	32.580
