Kampala	1280300	0.320	32.580
Gulu	119900	2.780	32.280
Lira	95200	2.260	32.890
Jinja	91700	0.440	33.200
Mbale	74600	1.090	34.170
Mbarara	73300	-0.600	30.650
Masaka	64900	-0.330	31.730
Entebbe	60900	0.060	32.460
Kasese	56600	0.220	30.010
Njeru	55600	0.450	33.180
Mukono	50100	0.360	32.760
Arua	48600	3.020	30.900
Kabale	48500	-1.250	29.980
Kitgum	45500	3.300	32.870
Tororo	45000	0.710	34.170
Soroti	43900	1.710	33.600
Fort portal	43000	0.670	30.270
Iganga	40300	0.620	33.470
Busia	40200	0.460	34.010
Mityana	36700	0.400	32.050
Hoima	33500	1.440	31.340
Lugazi	32900	0.380	32.930
Koboko	31200	3.440	30.940
Masindi	27000	1.690	31.700
Paidha	25400	2.420	30.980
Pallisa	25300	1.170	33.700
Luwero	25000	0.850	32.480
Nebbi	24600	2.480	31.080
Ibanda	24300	-0.120	30.500
Bushenyi	23600	-0.540	30.180
Kaberamaido	23200	1.810	33.150
Namasuba	22000	0.700	32.430
Adjumani	21200	3.380	31.790
Kayunga	21200	0.710	32.890
Wobulenzi	20600	0.730	32.520
Bugiri	19800	-0.860	29.640
Pakwach	19200	2.470	31.480
Rukungiri	17800	0.790	29.920
Wakiso	17700	0.420	32.460
Kireka	17500	0.330	32.630
Mubende	17400	0.590	31.370
Kabwohe-itendero	16600	-0.570	30.420
Kyenjojo	16300	0.600	30.600
Yumbe	16200	3.460	31.240
Lukaya	15200	-0.130	31.880
Bundibugyo	15000	0.720	30.050
Kamwenge	14700	0.200	30.440
Buwenge	14600	0.650	33.180
Kotido	14300	3.010	34.110
Ntungamo	14100	-0.890	29.640
Hima	13900	0.300	30.160
Busembatia	13700	0.780	33.610
Moyo	13200	3.650	31.720
Bombo	13000	0.590	32.530
Kanungu	12700	-0.900	29.780
Kiboga	12600	0.910	31.770
Kamuli	11900	0.950	33.110
Sironko	11900	1.230	34.230
Nkonkonjeru	11800	0.230	32.920
Kisoro	11300	-1.280	29.680
