Kyyiv	2597900	50.430	30.520
Kharkiv	1420100	50.000	36.250
Odesa	1012500	46.470	30.730
Dnipropetrovs'k	1009000	48.450	34.980
Donets'k	969700	48.000	37.800
Zaporizhzhya	770000	47.850	35.170
L'viv	685600	49.830	24.000
Kryvyy rih	632100	47.920	33.350
Mykolayiv	503900	46.970	32.000
Mariupol'	476800	47.100	37.550
Luhans'k	445900	48.570	39.330
Makiyivka	380300	48.030	37.970
Simferopol'	337500	44.950	34.100
Vinnytsya	332400	49.230	28.480
Sevastopol'	328600	44.600	33.530
Poltava	313400	49.580	34.570
Kherson	303900	46.630	32.600
Chernihiv	295500	51.500	31.300
Sumy	283700	50.920	34.780
Cherkasy	280700	49.430	32.070
Horlivka	277200	48.300	38.050
Zhytomyr	271200	50.250	28.670
Rivne	249900	50.620	26.250
Khmel'nyts'kyy	246800	49.420	27.000
Kirovohrad	239400	48.500	32.260
Dniprodzerzhyns'k	239300	48.500	34.620
Chernivtsi	227900	48.300	25.930
Kremenchuk	226100	49.070	33.420
Ternopil'	221300	49.550	25.580
Ivano-frankivs'k	204200	48.920	24.710
Luts'k	202500	50.750	25.330
Bila tserkva	189500	49.780	30.120
Kramators'k	172100	48.720	37.530
Melitopol'	151200	46.840	35.370
Kerch	147100	45.360	36.480
Nikopol'	124800	47.570	34.400
Slav'yans'k	119900	48.870	37.620
Berdyans'k	113000	46.750	36.790
Alchevs'k	112100	48.470	38.800
Syeverodonets'k	111900	48.950	38.500
Uzhhorod	111300	48.620	22.300
Lysychans'k	110500	48.920	38.420
Pavlohrad	110000	48.520	35.870
Yenakiyive	99400	48.230	38.220
Yevpatoriya	98900	45.200	33.360
Kam'yanets'-podil's'kyy	93300	48.680	26.580
Kostyantynivka	90500	48.530	37.720
Konotop	88200	51.240	33.210
Krasnyy luch	87300	48.130	38.930
Oleksandriya	87000	48.670	33.120
Uman'	85800	48.750	30.220
Brovary	85200	50.500	30.770
Berdychiv	83300	49.900	28.580
Shostka	82600	51.870	33.480
Stakhanov	80900	48.560	38.650
Izmayil	79800	45.350	28.830
Artemivs'k	79200	48.590	38.010
Mukacheve	77300	48.450	22.720
Drohobych	77200	49.350	23.500
Yalta	77100	44.500	34.170
