Toskent	2295300	41.310	69.300
Namangan	442300	41.000	71.670
Samarkand	419600	39.660	66.950
Andijon	362600	40.790	72.340
Buhoro	284300	39.770	64.420
Nukus	270000	42.470	59.610
Karsi	232100	38.870	65.800
Fargona	223100	40.390	71.780
Kukon	216100	40.540	70.940
Circik	189500	41.450	69.560
Urgenc	175900	41.550	60.640
Cizah	170600	40.110	67.840
Angren	161800	41.030	70.150
Navoi	150700	40.110	65.350
Margilon	150000	40.470	71.710
Termiz	136800	37.230	67.270
Olmalik	134800	40.850	69.590
Bekobod	103500	40.210	69.240
Hucayli	84300	42.410	59.430
Sahrisabz	77000	39.060	66.830
Guliston	74900	40.500	68.790
Kattakurgon	70000	39.900	66.260
Denau	69600	38.280	67.890
Turtkul	65400	41.560	61.000
Cust	64500	41.000	71.230
Kogon	64300	39.720	64.550
Zarafson	63100	41.580	64.200
Sahrihan	59400	40.710	72.060
Kungirot	59200	43.070	58.900
Koson	59100	39.040	65.570
Tahiatos	57600	42.340	59.580
Yaniyul	57000	41.120	69.050
Heva	56600	41.390	60.360
Asaka	56500	40.650	72.240
Beruni	50700	41.690	60.740
Cartak	49500	41.070	71.810
Urgut	47200	39.400	67.250
Kosonsoy	43400	41.240	71.550
Kitob	41600	39.120	66.860
Gijduvon	40800	40.100	64.680
Honko	40000	41.470	60.780
Oktos	38200	39.930	65.920
Hovos	36900	40.220	68.840
Parkent	36200	41.300	69.680
Ohangaron	35700	40.920	69.640
Cimboy	35400	42.930	59.770
Kuva	33100	40.540	72.070
Uckurgon	33100	41.130	72.090
Uckuduk	32700	42.170	63.460
Yaniyer	32700	40.290	68.840
Kamasi	32400	38.810	66.460
Karabagis	32400	40.520	72.380
Kuvasoy	31900	40.320	71.950
Mangit	30700	42.120	60.050
Riston	30000	40.370	71.270
Nurota	29200	40.570	65.670
Muborak	28900	39.260	65.150
Pskent	28000	40.890	69.350
Turakurgon	27700	41.000	71.500
Gurlan	27300	41.840	60.400
