Apia	39700	-13.830	-171.760
Vaitele	5300	-13.820	-171.780
Faleasiu	3300	-13.800	-171.880
Vailele	3200	-13.850	-171.720
Leauvaa	2900	-13.800	-171.850
Faleula	2500	-13.800	-171.800
Malie	2100	-13.800	-171.820
Siusega	2100	-13.830	-171.820
Fasitoouta	2000	-13.820	-171.920
Vaiusu	1900	-13.820	-171.770
Afega	1800	-13.800	-171.820
Laulii	1800	-13.850	-171.680
Nofoalii	1700	-13.820	-171.920
Fagalii	1600	-13.830	-171.720
Fasitoo tai	1500	-13.830	-171.950
Solosolo	1500	-13.870	-171.630
Falefa	1400	-13.880	-171.550
Leulumoega	1400	-13.820	-171.920
Manono uta	1300	-13.880	-172.040
Matavai	1300	-13.470	-171.430
Safotu	1300	-13.450	-172.400
Satapuala	1300	-13.830	-171.970
Gataivai	1200	-13.750	-172.380
Tuanai	1200	-13.800	-171.830
Fuailoloo	1100	-13.830	-172.020
Lotofaga	1100	-13.980	-171.830
Lufilufi	1100	-13.850	-171.580
Saanapu uta	1100	-13.980	-171.870
Siumu	1100	-14.020	-171.780
Talimatau	1000	-13.830	-171.790
Sapulu	999	-13.800	-171.880
Luatuanuu	996	-13.850	-171.650
Sataoa uta	987	-13.980	-171.830
Samatau	957	-13.900	-172.030
Levi	934	-13.920	-172.000
Faala	926	-13.750	-172.280
Sapapalii	915	-13.680	-172.120
Sili	906	-13.720	-172.350
Matautu	870	-14.020	-171.650
Tufulele	856	-13.800	-171.880
Samalaeulu	824	-13.470	-172.270
Sagone	810	-13.650	-172.580
Sataua	804	-13.470	-172.670
Vailoa	802	-13.730	-172.280
Faleatiu	800	-13.820	-171.930
Fusi	779	-13.870	-171.580
Aleisa west	775	-13.880	-171.900
Tino i iva	773	-13.700	-172.200
Puipaa	768		
Lano	737	-13.600	-172.130
Saipipi	736	-13.620	-172.130
Toamua	735	-13.800	-171.780
Salepouae	732	-13.800	-171.850
Vaigaga	718	-13.820	-171.800
Lalomanu	717	-14.000	-171.400
Faleseela	714	-13.930	-171.960
Taga	710	-13.770	-172.470
Samusu	699	-13.970	-171.370
Vaitoomuli	694		
Saolufata	690		
