San' a	1510500	15.380	44.210
Ê¿adan	607900	12.790	45.030
Taê¿izz	524200	13.600	44.040
Al-hì¨udaydah	442700	14.800	42.950
Al-mukalla	163400	14.540	49.130
Damar	140800	14.560	44.390
Ibb	138000	13.970	44.180
Sayyan	78000	15.170	44.330
Jaê¿ar	67200	13.220	45.310
As-sahì¨ir	64900	14.760	49.610
Zabid	59100	14.220	43.320
Bajil	54200	15.060	43.280
Raydaê¿	52400	14.430	44.840
Di sufal	42700	13.850	44.120
Al-marawiê¿ah	40700	14.840	43.150
Hì¨ajjah	39000	15.690	43.600
Bayt-al-faqih	38400	14.520	43.320
Ê¿amran	37700	15.660	43.940
Yarim	37100	14.300	44.380
Sahì¨ar	34000	15.320	44.300
Al-baydì¨a	32900	13.980	45.570
Sibam	24400	15.930	48.630
Lahij	24200	13.060	44.880
Qaê¿tabah	23300	13.860	44.700
Hì¨abban	22500	14.350	47.080
Sayhì¨ut	22500	15.200	51.240
Saqra'	20600	13.360	45.690
Al-luhì¨ayya	13700	15.710	42.690
Jiblah	11900	13.910	44.150
Az-zaydiyah	11900	15.330	43.010
Ma'rib	11200	15.420	45.330
Al-hì¨azm	11000	13.840	45.830
Saê¿dah	10400	16.940	43.760
Al-muhì±a	10000	13.320	43.240
Zinjibar	7900	13.110	45.380
Ahì¨war	6300	13.520	46.700
Ê¿ataq	5900	14.550	46.880
Al-mahì¨wit	5900	15.490	43.570
Al-ä aydì¨ah	3200	16.220	52.150
