Cape town	2984100	-33.930	18.460
Durban	2531300	-29.870	30.990
Johannesburg	1975500	-26.190	28.040
Pretoria	1473800	-25.730	28.220
Soweto	1465200	-26.280	27.840
Port elizabeth	775800	-33.960	25.590
Benoni	487700	-26.150	28.330
Vereeniging	462800	-26.650	27.960
Pietermaritzburg	457700	-29.610	30.390
East london	423500	-32.970	27.870
Tembisa	376600	-25.990	28.220
Bloemfontein	349000	-29.150	26.230
Boksburg	348100	-26.270	28.230
Vanderbijlpark	338000	-26.690	27.820
Newcastle	309400	-27.750	29.920
Krugersdorp	272400	-26.090	27.770
Welkom	246100	-27.970	26.730
Brakpan	228700	-26.290	28.370
Carltonville	220400	-26.340	27.370
Springs	214600	-26.270	28.430
Uitenhage	198800	-33.760	25.390
Witbank	198500	-25.860	29.220
Alberton	197400	-26.330	28.130
Botshabelo	185900	-29.230	26.730
Paarl	173400	-33.700	18.960
Midrand	168700	-26.000	28.130
Kimberley	166100	-28.750	24.770
Klerksdorp	162700	-26.880	26.620
Verwoerdburg	152900	-25.830	28.200
Westonaria	152900	-26.320	27.650
Somerset west	139000	-34.070	18.840
Bisho	137900	-32.870	27.390
Randfontein	131000	-26.150	27.700
Middelburg	123700	-25.760	29.470
Rustenburg	123000	-25.650	27.240
Nigel	122400	-26.400	28.440
Potchefstroom	122100	-26.700	27.100
George	116300	-33.950	22.450
Nelspruit	112400	-25.470	30.980
Phalaborwa	109100	-23.950	31.110
Emnambithi	106500	-28.550	29.780
Pietersburg	104000	-23.890	29.450
Potgietersrus	100800	-24.160	29.000
Epumalanga	97700	-29.820	30.610
Mabopane	96600	-25.500	28.080
Worcester	95000	-33.640	19.440
Embalenhle	92500	-26.530	29.060
Kroonstad	90800	-27.660	27.210
Richards bay	86800	-28.800	32.090
Orkney	86700	-26.980	26.640
Louis trichardt	86600	-23.040	29.890
Umtata	79000	-31.580	28.790
Sasolburg	77300	-26.820	27.840
Stellenbosch	73700	-33.920	18.860
Garankuwa	68200	-25.620	27.980
Oudtshoorn	66200	-33.580	22.190
Standerton	65400	-26.940	29.240
Lichtenburg	65300	-26.150	26.160
Grahamstown	64300	-33.300	26.520
Virginia	63700	-28.090	26.870
