Lusaka	1211100	-15.420	28.290
Ndola	418400	-12.970	28.640
Kitwe	406100	-12.810	28.220
Kabwe	197400	-14.440	28.450
Chingola	164600	-12.540	27.850
Mufulira	136600	-12.550	28.260
Luanshya	129100	-13.120	28.390
Livingstone	108900	-17.860	25.860
Kasama	82900	-10.200	31.180
Chipata	81600	-13.630	32.640
Chililabombwe	60900	-12.370	27.820
Kalulushi	58900	-12.840	28.090
Mazabuka	52600	-15.860	27.760
Kafue	51200	-15.780	28.180
Mongu	49500	-15.280	23.120
Mansa	45800	-11.200	28.890
Choma	45100	-16.810	26.970
Kansanshi	38000	-12.100	26.420
Kapiri mposhi	30400	-13.970	28.660
Mpika	28900	-11.830	31.460
Monze	27500	-16.280	27.480
Nchelenge	23100	-9.350	28.730
Kawambwa	20000	-9.780	29.080
Samfya	19700	-11.340	29.540
Mbala	18900	-8.840	31.370
Mumbwa	17800	-14.980	27.070
Petauke	16300	-14.250	31.330
Sesheke	15500	-17.470	24.300
Siavonga	14600	-16.530	28.720
Chambishi	14500	-12.670	28.080
Kaoma	13800	-14.780	24.800
Maamba	12900	-17.370	27.150
Chinsali	12800	-10.550	32.060
Isoka	12800	-10.130	32.640
Kalomo	12300	-17.030	26.480
Mwinilunga	12000	-11.740	24.440
Mkushi	11800	-13.610	29.390
Mpongwe	11800	-13.510	28.160
Katete	11600	-14.080	32.060
Sinazongwe	11600	-17.250	27.470
Nakambala	11000	-15.830	27.770
Mwanzakombe	10800	-10.870	29.660
Nakonde	10400	-9.330	32.770
Senanga	10300	-16.120	23.270
Chilanga	10200	-15.570	28.280
Lundazi	10200	-12.290	33.170
Serenje	9600	-13.220	30.240
Kalabo	8400	-14.990	22.680
Limulunga	8400	-15.100	23.150
Mpulungu	8400	-8.760	31.110
Itezhi-tezhi	7700	-15.690	26.060
Zambezi	7500	-13.540	23.110
Kalengwa	7300	-13.470	25.000
Mungwi	6700	-10.170	31.380
Kabompo	6500	-13.600	24.200
Luwingu	6000	-10.260	29.890
Mufumbwe	6000	-13.680	24.800
Chongwe	5800	-15.350	28.700
Kasempa	5500	-13.460	25.820
Namwala	4500	-15.740	26.440
