Harare	1976400	-17.820	31.050
Bulawayo	1003700	-20.170	28.580
Chitungwiza	423800	-18.000	31.100
Mutare	195300	-18.970	32.650
Gweru	157500	-19.450	29.820
Kadoma	110300	-18.330	29.910
Masvingo	83300	-20.060	30.820
Kwekwe	81500	-18.930	29.800
Marondera	73100	-18.190	31.550
Zvishavane	73000	-20.330	30.050
Chinhoyi	60900	-17.360	30.180
Hwange	58700	-18.370	26.500
Chegutu	40200	-18.130	30.140
Redcliffe	36200	-19.030	29.770
Kariba	34800	-16.530	28.800
Bindura	26600	-17.310	31.320
Victoria falls	24200	-17.930	25.840
Sakubva	23600	-18.980	32.620
Norton	23200	-17.880	30.680
Karoi	20900	-16.820	29.680
Rusape	20700	-18.530	32.120
Shurugwi	19200	-19.660	30.000
Chiredzi	14600	-21.050	31.660
Plumtree	13900	-20.490	27.810
Mount darwin	13100	-16.770	31.580
Chipinge	12400	-20.200	32.620
Gwanda	12300	-20.940	29.010
Tuli	11100	-21.920	29.200
Chimanimani	10200	-19.810	32.860
Nyanga	10200	-18.210	32.740
Chivhu	9100	-19.020	30.890
Mutoko	9000	-17.400	32.210
Gaths	8700	-20.010	30.520
West nicholson	8100	-21.050	29.350
Mvuma	7300	-19.290	30.520
Beitbridge	5300	-22.210	29.990
